BoneCount: 67
RootBone: 0
BoneName: RootNode
BoneIndex: 0
BoneParentIndex: -1
BoneChildrenCount: 2
1
2
1.000000 0.000000 -0.000000 0.000000
0.000000 1.000000 -0.000000 0.000000
-0.000000 -0.000000 1.000000 -0.000000
0.000000 0.000000 -0.000000 1.000000
1.000000 0.000000 0.000000 0.000000
0.000000 1.000000 0.000000 0.000000
0.000000 0.000000 1.000000 0.000000
0.000000 0.000000 0.000000 1.000000
BoneName: Ch20
BoneIndex: 1
BoneParentIndex: 0
BoneChildrenCount: 0
1.000000 0.000000 -0.000000 0.000000
0.000000 1.000000 -0.000000 0.000000
-0.000000 -0.000000 1.000000 -0.000000
0.000000 0.000000 -0.000000 1.000000
1.000000 0.000000 0.000000 0.000000
0.000000 1.000000 0.000000 0.000000
0.000000 0.000000 1.000000 0.000000
0.000000 0.000000 0.000000 1.000000
BoneName: mixamorig6:Hips
BoneIndex: 2
BoneParentIndex: 0
BoneChildrenCount: 3
3
57
62
1.000000 0.000000 -0.000000 0.000000
0.000000 1.000000 -0.000000 0.000000
-0.000000 -0.000000 1.000000 -0.000000
0.000000 0.978239 -0.025026 1.000000
1.000000 0.000000 -0.000000 0.000000
0.000000 1.000000 -0.000000 0.000000
-0.000000 -0.000000 1.000000 -0.000000
0.000000 -0.966679 0.025026 1.000000
BoneName: mixamorig6:Spine
BoneIndex: 3
BoneParentIndex: 2
BoneChildrenCount: 1
4
1.000000 0.000000 -0.000000 0.000000
0.000000 0.995399 0.095818 0.000000
-0.000000 -0.095818 0.995399 -0.000000
0.000000 0.102366 0.009854 1.000000
1.000000 0.000000 -0.000000 0.000000
0.000000 0.995399 -0.095818 0.000000
-0.000000 0.095818 0.995399 -0.000000
0.000000 -1.062673 0.117536 1.000000
BoneName: mixamorig6:Spine1
BoneIndex: 4
BoneParentIndex: 3
BoneChildrenCount: 1
5
1.000000 0.000000 -0.000000 0.000000
0.000000 1.000000 -0.000000 0.000000
-0.000000 -0.000000 1.000000 -0.000000
0.000000 0.119979 -0.000000 1.000000
1.000000 0.000000 -0.000000 0.000000
0.000000 0.995399 -0.095818 0.000000
-0.000000 0.095818 0.995399 -0.000000
0.000000 -1.182652 0.117536 1.000000
BoneName: mixamorig6:Spine2
BoneIndex: 5
BoneParentIndex: 4
BoneChildrenCount: 3
6
9
33
1.000000 0.000000 -0.000000 0.000000
0.000000 1.000000 -0.000000 0.000000
-0.000000 -0.000000 1.000000 -0.000000
0.000000 0.137119 0.000000 1.000000
1.000000 0.000000 -0.000000 0.000000
0.000000 0.995399 -0.095818 0.000000
-0.000000 0.095818 0.995399 -0.000000
0.000000 -1.319772 0.117536 1.000000
BoneName: mixamorig6:Neck
BoneIndex: 6
BoneParentIndex: 5
BoneChildrenCount: 1
7
1.000000 0.000000 -0.000000 0.000000
0.000000 0.995399 -0.095818 0.000000
-0.000000 0.095818 0.995399 -0.000000
0.000000 0.154259 0.000000 1.000000
1.000000 0.000000 -0.000000 0.000000
0.000000 1.000000 -0.000000 0.000000
-0.000000 -0.000000 1.000000 -0.000000
0.000000 -1.478511 -0.024243 1.000000
BoneName: mixamorig6:Head
BoneIndex: 7
BoneParentIndex: 6
BoneChildrenCount: 1
8
1.000000 0.000000 -0.000000 0.000000
0.000000 1.000000 -0.000000 0.000000
-0.000000 -0.000000 1.000000 -0.000000
0.000000 0.037798 -0.013459 1.000000
1.000000 0.000000 -0.000000 0.000000
0.000000 1.000000 -0.000000 0.000000
-0.000000 -0.000000 1.000000 -0.000000
0.000000 -1.516309 -0.010784 1.000000
BoneName: mixamorig6:HeadTop_End
BoneIndex: 8
BoneParentIndex: 7
BoneChildrenCount: 0
1.000000 0.000000 -0.000000 0.000000
0.000000 1.000000 -0.000000 0.000000
-0.000000 -0.000000 1.000000 -0.000000
0.000000 0.250463 -0.089182 1.000000
1.000000 0.000000 0.000000 0.000000
0.000000 1.000000 0.000000 0.000000
0.000000 0.000000 1.000000 0.000000
0.000000 0.000000 0.000000 1.000000
BoneName: mixamorig6:LeftShoulder
BoneIndex: 9
BoneParentIndex: 5
BoneChildrenCount: 1
10
-0.027133 -0.000558 0.999632 0.000000
0.964352 -0.263338 0.026028 0.000000
0.263226 0.964703 0.007683 -0.000000
0.061913 0.136473 0.001757 1.000000
-0.027132 0.964352 0.263225 0.000000
-0.096337 -0.264619 0.959529 0.000000
0.994979 0.000676 0.100083 -0.000000
0.118229 0.326791 -1.420252 1.000000
BoneName: mixamorig6:LeftArm
BoneIndex: 10
BoneParentIndex: 9
BoneChildrenCount: 1
11
0.999129 -0.041719 0.000000 0.000000
0.040692 0.974517 0.220594 0.000000
-0.009203 -0.220402 0.975366 -0.000000
0.000000 0.131077 -0.000000 1.000000
-0.067341 0.996740 0.044447 0.000000
-0.085214 -0.050131 0.995101 0.000000
0.994084 0.063224 0.088312 -0.000000
0.109961 -0.117760 -1.429489 1.000000
BoneName: mixamorig6:LeftForeArm
BoneIndex: 11
BoneParentIndex: 10
BoneChildrenCount: 1
12
0.992673 0.120834 0.000000 0.000000
-0.120652 0.991177 0.054882 0.000000
0.006632 -0.054480 0.998493 -0.000000
-0.000000 0.270717 -0.000000 1.000000
0.053592 0.998509 -0.010369 0.000000
-0.090647 0.015206 0.995767 0.000000
0.994440 -0.052425 0.091327 -0.000000
0.062214 -0.476769 -1.405441 1.000000
BoneName: mixamorig6:LeftHand
BoneIndex: 12
BoneParentIndex: 11
BoneChildrenCount: 5
13
17
21
25
29
0.996260 -0.040096 0.076535 0.000000
0.047351 0.994306 -0.095466 0.000000
-0.072271 0.098733 0.992486 -0.000000
0.000000 0.255677 -0.000000 1.000000
0.012562 0.996351 0.084419 0.000000
-0.014707 -0.084233 0.996337 0.000000
0.999813 -0.013757 0.013595 -0.000000
-0.016216 -0.591161 -1.471693 1.000000
BoneName: mixamorig6:LeftHandThumb1
BoneIndex: 13
BoneParentIndex: 12
BoneChildrenCount: 1
14
0.799957 0.600058 0.000000 0.000000
-0.564244 0.752212 -0.340302 0.000000
-0.204201 0.272227 0.940316 -0.000000
-0.026383 0.028257 -0.013910 1.000000
0.607917 0.713651 0.348051 0.000000
-0.062310 -0.394120 0.916944 0.000000
0.791552 -0.579113 -0.195124 -0.000000
-0.363551 0.024419 -1.541475 1.000000
BoneName: mixamorig6:LeftHandThumb2
BoneIndex: 14
BoneParentIndex: 13
BoneChildrenCount: 1
15
1.000000 0.000000 -0.000000 0.000000
0.000000 0.989755 -0.142779 0.000000
-0.000000 0.142779 0.989755 -0.000000
-0.003319 0.032700 -0.000000 1.000000
0.607917 0.656645 0.446379 0.000000
-0.062310 -0.521002 0.851278 0.000000
0.791552 -0.545320 -0.275810 -0.000000
-0.360232 0.211893 -1.526865 1.000000
BoneName: mixamorig6:LeftHandThumb3
BoneIndex: 15
BoneParentIndex: 14
BoneChildrenCount: 1
16
1.000000 0.000000 -0.000000 0.000000
0.000000 0.983844 0.179029 0.000000
-0.000000 -0.179029 0.983844 -0.000000
-0.002187 0.034535 0.000000 1.000000
0.607917 0.725951 0.321609 0.000000
-0.062310 -0.360181 0.930799 0.000000
0.791552 -0.585888 -0.173726 -0.000000
-0.358045 -0.098860 -1.533949 1.000000
BoneName: mixamorig6:LeftHandThumb4
BoneIndex: 16
BoneParentIndex: 15
BoneChildrenCount: 0
1.000000 0.000000 -0.000000 0.000000
0.000000 1.000000 -0.000000 0.000000
-0.000000 -0.000000 1.000000 -0.000000
0.005507 0.027810 0.000000 1.000000
1.000000 0.000000 0.000000 0.000000
0.000000 1.000000 0.000000 0.000000
0.000000 0.000000 1.000000 0.000000
0.000000 0.000000 0.000000 1.000000
BoneName: mixamorig6:LeftHandIndex1
BoneIndex: 17
BoneParentIndex: 12
BoneChildrenCount: 1
18
0.975941 0.218035 -0.000000 0.000000
-0.216288 0.968122 -0.126332 0.000000
-0.027545 0.123293 0.991988 -0.000000
-0.034838 0.094728 -0.000202 1.000000
0.229499 0.951207 0.206241 0.000000
-0.032719 -0.204238 0.978374 0.000000
0.972759 -0.231284 -0.015750 -0.000000
-0.131373 -0.482154 -1.544780 1.000000
BoneName: mixamorig6:LeftHandIndex2
BoneIndex: 18
BoneParentIndex: 17
BoneChildrenCount: 1
19
1.000000 0.000000 -0.000000 0.000000
0.000000 0.999493 -0.031845 0.000000
-0.000000 0.031845 0.999493 -0.000000
0.000008 0.031123 0.000000 1.000000
0.229499 0.944157 0.236428 0.000000
-0.032719 -0.235290 0.971374 0.000000
0.972759 -0.230665 -0.023107 -0.000000
-0.131381 -0.463822 -1.560341 1.000000
BoneName: mixamorig6:LeftHandIndex3
BoneIndex: 19
BoneParentIndex: 18
BoneChildrenCount: 1
20
1.000000 0.000000 -0.000000 0.000000
0.000000 0.999174 -0.040630 0.000000
-0.000000 0.040630 0.999174 -0.000000
0.000001 0.029270 0.000000 1.000000
0.229499 0.933771 0.274594 0.000000
-0.032719 -0.274563 0.961012 0.000000
0.972759 -0.229536 -0.032460 -0.000000
-0.131383 -0.429287 -1.579087 1.000000
BoneName: mixamorig6:LeftHandIndex4
BoneIndex: 20
BoneParentIndex: 19
BoneChildrenCount: 0
1.000000 0.000000 -0.000000 0.000000
0.000000 1.000000 -0.000000 0.000000
-0.000000 -0.000000 1.000000 -0.000000
-0.000010 0.024933 -0.000000 1.000000
1.000000 0.000000 0.000000 0.000000
0.000000 1.000000 0.000000 0.000000
0.000000 0.000000 1.000000 0.000000
0.000000 0.000000 0.000000 1.000000
BoneName: mixamorig6:LeftHandMiddle1
BoneIndex: 21
BoneParentIndex: 12
BoneChildrenCount: 1
22
0.998311 0.058091 -0.000000 0.000000
-0.057618 0.990176 -0.127401 0.000000
-0.007401 0.127186 0.991851 -0.000000
-0.011398 0.100272 0.003148 1.000000
0.070420 0.975084 0.210362 0.000000
-0.019575 -0.209494 0.977614 0.000000
0.997325 -0.072961 0.004335 -0.000000
-0.044976 -0.496465 -1.550728 1.000000
BoneName: mixamorig6:LeftHandMiddle2
BoneIndex: 22
BoneParentIndex: 21
BoneChildrenCount: 1
23
1.000000 0.000000 -0.000000 0.000000
0.000000 0.997717 -0.067527 0.000000
-0.000000 0.067527 0.997717 -0.000000
-0.000001 0.031792 -0.000000 1.000000
0.070420 0.958653 0.275726 0.000000
-0.019575 -0.275030 0.961236 0.000000
0.997325 -0.073087 -0.000602 -0.000000
-0.044974 -0.422336 -1.582860 1.000000
BoneName: mixamorig6:LeftHandMiddle3
BoneIndex: 23
BoneParentIndex: 22
BoneChildrenCount: 1
24
1.000000 0.000000 -0.000000 0.000000
0.000000 0.992099 0.125457 0.000000
-0.000000 -0.125457 0.992099 -0.000000
0.000013 0.031303 0.000000 1.000000
0.070420 0.985671 0.153278 0.000000
-0.019575 -0.152264 0.988146 0.000000
0.997325 -0.072585 0.008572 -0.000000
-0.044988 -0.648635 -1.513442 1.000000
BoneName: mixamorig6:LeftHandMiddle4
BoneIndex: 24
BoneParentIndex: 23
BoneChildrenCount: 0
1.000000 0.000000 -0.000000 0.000000
0.000000 1.000000 -0.000000 0.000000
-0.000000 -0.000000 1.000000 -0.000000
-0.000012 0.026419 -0.000000 1.000000
1.000000 0.000000 0.000000 0.000000
0.000000 1.000000 0.000000 0.000000
0.000000 0.000000 1.000000 0.000000
0.000000 0.000000 0.000000 1.000000
BoneName: mixamorig6:LeftHandRing1
BoneIndex: 25
BoneParentIndex: 12
BoneChildrenCount: 1
26
0.997935 -0.064228 -0.000000 0.000000
0.063993 0.994282 -0.085486 0.000000
0.005491 0.085309 0.996339 -0.000000
0.011627 0.101829 0.001884 1.000000
-0.051458 0.984241 0.169180 0.000000
-0.009266 -0.169867 0.985424 0.000000
0.998632 0.049140 0.017861 -0.000000
0.016724 -0.564836 -1.527455 1.000000
BoneName: mixamorig6:LeftHandRing2
BoneIndex: 26
BoneParentIndex: 25
BoneChildrenCount: 1
27
1.000000 0.000000 -0.000000 0.000000
0.000000 0.999243 -0.038897 0.000000
-0.000000 0.038897 0.999243 -0.000000
0.000042 0.027569 0.000000 1.000000
-0.051458 0.976916 0.207334 0.000000
-0.009266 -0.208067 0.978071 0.000000
0.998632 0.048408 0.019759 -0.000000
0.016682 -0.532544 -1.549342 1.000000
BoneName: mixamorig6:LeftHandRing3
BoneIndex: 27
BoneParentIndex: 26
BoneChildrenCount: 1
28
1.000000 0.000000 -0.000000 0.000000
0.000000 0.966445 0.256874 0.000000
-0.000000 -0.256874 0.966445 -0.000000
0.000051 0.027084 0.000000 1.000000
-0.051458 0.997394 -0.050567 0.000000
-0.009266 0.050155 0.998698 0.000000
0.998632 0.051860 0.006661 -0.000000
0.016632 -0.938836 -1.353599 1.000000
BoneName: mixamorig6:LeftHandRing4
BoneIndex: 28
BoneParentIndex: 27
BoneChildrenCount: 0
1.000000 0.000000 -0.000000 0.000000
0.000000 1.000000 -0.000000 0.000000
-0.000000 -0.000000 1.000000 -0.000000
-0.000092 0.021014 0.000000 1.000000
1.000000 0.000000 0.000000 0.000000
0.000000 1.000000 0.000000 0.000000
0.000000 0.000000 1.000000 0.000000
0.000000 0.000000 0.000000 1.000000
BoneName: mixamorig6:LeftHandPinky1
BoneIndex: 29
BoneParentIndex: 12
BoneChildrenCount: 1
30
0.989659 -0.143439 -0.000000 0.000000
0.140782 0.971331 -0.191563 0.000000
0.027477 0.189582 0.981480 -0.000000
0.034609 0.093446 0.000826 1.000000
-0.130484 0.953383 0.272093 0.000000
-0.002472 -0.274751 0.961512 0.000000
0.991447 0.124789 0.038208 -0.000000
0.047900 -0.390053 -1.576435 1.000000
BoneName: mixamorig6:LeftHandPinky2
BoneIndex: 30
BoneParentIndex: 29
BoneChildrenCount: 1
31
1.000000 0.000000 -0.000000 0.000000
0.000000 0.999981 -0.006145 0.000000
-0.000000 0.006145 0.999981 -0.000000
0.000017 0.026154 -0.000000 1.000000
-0.130484 0.951693 0.277946 0.000000
-0.002472 -0.280654 0.959806 0.000000
0.991447 0.124552 0.038974 -0.000000
0.047883 -0.406513 -1.578963 1.000000
BoneName: mixamorig6:LeftHandPinky3
BoneIndex: 31
BoneParentIndex: 30
BoneChildrenCount: 1
32
1.000000 0.000000 -0.000000 0.000000
0.000000 0.987232 -0.159286 0.000000
-0.000000 0.159286 0.987232 -0.000000
-0.000063 0.021796 -0.000000 1.000000
-0.130483 0.895271 0.425986 0.000000
-0.002472 -0.429952 0.902848 0.000000
0.991447 0.116753 0.058315 -0.000000
0.047946 -0.171337 -1.627026 1.000000
BoneName: mixamorig6:LeftHandPinky4
BoneIndex: 32
BoneParentIndex: 31
BoneChildrenCount: 0
1.000000 0.000000 -0.000000 0.000000
0.000000 1.000000 -0.000000 0.000000
-0.000000 -0.000000 1.000000 -0.000000
0.000046 0.017851 0.000000 1.000000
1.000000 0.000000 0.000000 0.000000
0.000000 1.000000 0.000000 0.000000
0.000000 0.000000 1.000000 0.000000
0.000000 0.000000 0.000000 1.000000
BoneName: mixamorig6:RightShoulder
BoneIndex: 33
BoneParentIndex: 5
BoneChildrenCount: 1
34
-0.025736 0.000546 -0.999669 0.000000
-0.964352 -0.263468 0.024683 0.000000
-0.263367 0.964668 0.007307 -0.000000
-0.061913 0.136464 0.001668 1.000000
-0.025736 -0.964352 -0.263367 0.000000
0.096330 -0.264621 0.959529 0.000000
-0.995017 -0.000676 0.099706 -0.000000
-0.118218 0.326826 -1.420244 1.000000
BoneName: mixamorig6:RightArm
BoneIndex: 34
BoneParentIndex: 33
BoneChildrenCount: 1
35
0.999120 0.041945 -0.000000 0.000000
-0.040912 0.974504 0.220608 0.000000
0.009253 -0.220414 0.975362 -0.000000
-0.000000 0.131077 -0.000000 1.000000
-0.066163 -0.996813 -0.044560 0.000000
0.085145 -0.050135 0.995106 0.000000
-0.994169 0.062045 0.088191 -0.000000
-0.109903 -0.117723 -1.429492 1.000000
BoneName: mixamorig6:RightForeArm
BoneIndex: 35
BoneParentIndex: 34
BoneChildrenCount: 1
36
0.993021 -0.117935 0.000000 0.000000
0.117756 0.991509 0.055160 0.000000
-0.006505 -0.054775 0.998478 -0.000000
0.000000 0.270696 0.000000 1.000000
0.051858 -0.998599 0.010539 0.000000
0.090464 0.015208 0.995784 0.000000
-0.994549 -0.050686 0.091125 -0.000000
-0.063328 -0.476915 -1.405325 1.000000
BoneName: mixamorig6:RightHand
BoneIndex: 36
BoneParentIndex: 35
BoneChildrenCount: 5
37
41
45
49
53
0.996526 0.036633 -0.074793 0.000000
-0.044017 0.994055 -0.099588 0.000000
0.070700 0.102534 0.992214 -0.000000
-0.000000 0.255654 -0.000000 1.000000
0.014308 -0.995994 -0.088269 0.000000
0.016229 -0.088035 0.995985 0.000000
-0.999766 -0.015683 0.014905 -0.000000
0.015164 -0.585469 -1.473975 1.000000
BoneName: mixamorig6:RightHandThumb1
BoneIndex: 37
BoneParentIndex: 36
BoneChildrenCount: 1
38
0.801473 -0.598032 -0.000000 0.000000
0.556304 0.745550 -0.366988 0.000000
0.219471 0.294131 0.930225 -0.000000
0.028621 0.029497 -0.016079 1.000000
0.607104 -0.702211 -0.371921 0.000000
0.065653 -0.422120 0.904160 0.000000
-0.791906 -0.573336 -0.210168 -0.000000
0.356986 0.069053 -1.540005 1.000000
BoneName: mixamorig6:RightHandThumb2
BoneIndex: 38
BoneParentIndex: 37
BoneChildrenCount: 1
39
1.000000 0.000000 -0.000000 0.000000
0.000000 0.998018 -0.062925 0.000000
-0.000000 0.062925 0.998018 -0.000000
0.004239 0.035051 -0.000000 1.000000
0.607104 -0.677417 -0.415370 0.000000
0.065654 -0.478177 0.875806 0.000000
-0.791906 -0.558976 -0.245828 -0.000000
0.352746 0.130840 -1.534814 1.000000
BoneName: mixamorig6:RightHandThumb3
BoneIndex: 39
BoneParentIndex: 38
BoneChildrenCount: 1
40
1.000000 0.000000 -0.000000 0.000000
0.000000 0.997750 0.067038 0.000000
-0.000000 -0.067038 0.997750 -0.000000
-0.000285 0.032110 0.000000 1.000000
0.607104 -0.703738 -0.369024 0.000000
0.065654 -0.418390 0.905892 0.000000
-0.791906 -0.574198 -0.207803 -0.000000
0.353031 -0.004383 -1.537980 1.000000
BoneName: mixamorig6:RightHandThumb4
BoneIndex: 40
BoneParentIndex: 39
BoneChildrenCount: 0
1.000000 0.000000 -0.000000 0.000000
0.000000 1.000000 -0.000000 0.000000
-0.000000 -0.000000 1.000000 -0.000000
-0.003954 0.024605 0.000000 1.000000
1.000000 0.000000 0.000000 0.000000
0.000000 1.000000 0.000000 0.000000
0.000000 0.000000 1.000000 0.000000
0.000000 0.000000 0.000000 1.000000
BoneName: mixamorig6:RightHandIndex1
BoneIndex: 41
BoneParentIndex: 36
BoneChildrenCount: 1
42
0.973967 -0.226692 -0.000000 0.000000
0.225216 0.967624 -0.113934 0.000000
0.025828 0.110968 0.993488 -0.000000
0.034606 0.095831 -0.000165 1.000000
0.239720 -0.950469 -0.197845 0.000000
0.035763 -0.195003 0.980150 0.000000
-0.970183 -0.242037 -0.012755 -0.000000
0.135511 -0.495710 -1.540317 1.000000
BoneName: mixamorig6:RightHandIndex2
BoneIndex: 42
BoneParentIndex: 41
BoneChildrenCount: 1
43
1.000000 0.000000 -0.000000 0.000000
0.000000 0.999033 -0.043963 0.000000
-0.000000 0.043963 0.999033 -0.000000
-0.000016 0.031150 -0.000000 1.000000
0.239719 -0.940853 -0.239438 0.000000
0.035763 -0.237905 0.970630 0.000000
-0.970183 -0.241242 -0.023383 -0.000000
0.135527 -0.458634 -1.561989 1.000000
BoneName: mixamorig6:RightHandIndex3
BoneIndex: 43
BoneParentIndex: 42
BoneChildrenCount: 1
44
1.000000 0.000000 -0.000000 0.000000
0.000000 0.999472 -0.032479 0.000000
-0.000000 0.032479 0.999472 -0.000000
0.000002 0.029267 0.000000 1.000000
0.239719 -0.932579 -0.269870 0.000000
0.035763 -0.269304 0.962391 0.000000
-0.970183 -0.240355 -0.031206 -0.000000
0.135526 -0.436911 -1.577012 1.000000
BoneName: mixamorig6:RightHandIndex4
BoneIndex: 44
BoneParentIndex: 43
BoneChildrenCount: 0
1.000000 0.000000 -0.000000 0.000000
0.000000 1.000000 -0.000000 0.000000
-0.000000 -0.000000 1.000000 -0.000000
0.000015 0.024053 -0.000000 1.000000
1.000000 0.000000 0.000000 0.000000
0.000000 1.000000 0.000000 0.000000
0.000000 0.000000 1.000000 0.000000
0.000000 0.000000 0.000000 1.000000
BoneName: mixamorig6:RightHandMiddle1
BoneIndex: 45
BoneParentIndex: 36
BoneChildrenCount: 1
46
0.998852 -0.047899 -0.000000 0.000000
0.047649 0.993640 -0.102022 0.000000
0.004887 0.101905 0.994782 -0.000000
0.011270 0.100504 0.002513 1.000000
0.061999 -0.979973 -0.189233 0.000000
0.020427 -0.188312 0.981897 0.000000
-0.997867 -0.064742 0.008343 -0.000000
0.036747 -0.530794 -1.538668 1.000000
BoneName: mixamorig6:RightHandMiddle2
BoneIndex: 46
BoneParentIndex: 45
BoneChildrenCount: 1
47
1.000000 0.000000 -0.000000 0.000000
0.000000 0.996505 -0.083531 0.000000
-0.000000 0.083531 0.996505 -0.000000
0.000007 0.032388 0.000000 1.000000
0.061999 -0.960741 -0.270430 0.000000
0.020427 -0.269673 0.962735 0.000000
-0.997867 -0.065213 0.002906 -0.000000
0.036740 -0.432687 -1.580334 1.000000
BoneName: mixamorig6:RightHandMiddle3
BoneIndex: 47
BoneParentIndex: 46
BoneChildrenCount: 1
48
1.000000 0.000000 -0.000000 0.000000
0.000000 0.999554 0.029864 0.000000
-0.000000 -0.029864 0.999554 -0.000000
-0.000007 0.030899 -0.000000 1.000000
0.061999 -0.968389 -0.241619 0.000000
0.020427 -0.240803 0.970359 0.000000
-0.997867 -0.065097 0.004852 -0.000000
0.036746 -0.510574 -1.565785 1.000000
BoneName: mixamorig6:RightHandMiddle4
BoneIndex: 48
BoneParentIndex: 47
BoneChildrenCount: 0
1.000000 0.000000 -0.000000 0.000000
0.000000 1.000000 -0.000000 0.000000
-0.000000 -0.000000 1.000000 -0.000000
-0.000001 0.026409 -0.000000 1.000000
1.000000 0.000000 0.000000 0.000000
0.000000 1.000000 0.000000 0.000000
0.000000 0.000000 1.000000 0.000000
0.000000 0.000000 0.000000 1.000000
BoneName: mixamorig6:RightHandRing1
BoneIndex: 49
BoneParentIndex: 36
BoneChildrenCount: 1
50
0.996196 0.087136 -0.000000 0.000000
-0.086790 0.992235 -0.089089 0.000000
-0.007763 0.088750 0.996024 -0.000000
-0.011494 0.102904 0.002062 1.000000
-0.072533 -0.981639 -0.176421 0.000000
0.008497 -0.177488 0.984086 0.000000
-0.997330 0.069880 0.021214 -0.000000
-0.033426 -0.553848 -1.531466 1.000000
BoneName: mixamorig6:RightHandRing2
BoneIndex: 50
BoneParentIndex: 49
BoneChildrenCount: 1
51
1.000000 0.000000 -0.000000 0.000000
0.000000 0.999996 0.002697 0.000000
-0.000000 -0.002697 0.999996 -0.000000
-0.000010 0.028322 -0.000000 1.000000
-0.072533 -0.982111 -0.173773 0.000000
0.008497 -0.174834 0.984561 0.000000
-0.997330 0.069937 0.021026 -0.000000
-0.033417 -0.586297 -1.529891 1.000000
BoneName: mixamorig6:RightHandRing3
BoneIndex: 51
BoneParentIndex: 50
BoneChildrenCount: 1
52
1.000000 0.000000 -0.000000 0.000000
0.000000 0.999319 0.036892 0.000000
-0.000000 -0.036892 0.999319 -0.000000
-0.000005 0.026456 -0.000000 1.000000
-0.072533 -0.987853 -0.137421 0.000000
0.008497 -0.138391 0.990341 0.000000
-0.997330 0.070665 0.018431 -0.000000
-0.033412 -0.668778 -1.506243 1.000000
BoneName: mixamorig6:RightHandRing4
BoneIndex: 52
BoneParentIndex: 51
BoneChildrenCount: 0
1.000000 0.000000 -0.000000 0.000000
0.000000 1.000000 -0.000000 0.000000
-0.000000 -0.000000 1.000000 -0.000000
0.000014 0.021864 0.000000 1.000000
1.000000 0.000000 0.000000 0.000000
0.000000 1.000000 0.000000 0.000000
0.000000 0.000000 1.000000 0.000000
0.000000 0.000000 0.000000 1.000000
BoneName: mixamorig6:RightHandPinky1
BoneIndex: 53
BoneParentIndex: 36
BoneChildrenCount: 1
54
0.991785 0.127914 -0.000000 0.000000
-0.127176 0.986061 -0.107285 0.000000
-0.013723 0.106404 0.994228 -0.000000
-0.034382 0.092131 -0.000238 1.000000
-0.113211 -0.974461 -0.193931 0.000000
0.004835 -0.195724 0.980647 0.000000
-0.993559 0.110082 0.026870 -0.000000
-0.037536 -0.516351 -1.538009 1.000000
BoneName: mixamorig6:RightHandPinky2
BoneIndex: 54
BoneParentIndex: 53
BoneChildrenCount: 1
55
1.000000 0.000000 -0.000000 0.000000
0.000000 0.993718 -0.111917 0.000000
-0.000000 0.111917 0.993718 -0.000000
0.000008 0.026353 0.000000 1.000000
-0.113211 -0.946635 -0.301772 0.000000
0.004835 -0.304246 0.952582 0.000000
-0.993559 0.106384 0.039021 -0.000000
-0.037544 -0.367164 -1.589085 1.000000
BoneName: mixamorig6:RightHandPinky3
BoneIndex: 55
BoneParentIndex: 54
BoneChildrenCount: 1
56
1.000000 0.000000 -0.000000 0.000000
0.000000 0.988540 -0.150961 0.000000
-0.000000 0.150961 0.988540 -0.000000
0.000016 0.022001 0.000000 1.000000
-0.113211 -0.890231 -0.441217 0.000000
0.004835 -0.444560 0.895736 0.000000
-0.993559 0.099274 0.054634 -0.000000
-0.037560 -0.144818 -1.629622 1.000000
BoneName: mixamorig6:RightHandPinky4
BoneIndex: 56
BoneParentIndex: 55
BoneChildrenCount: 0
1.000000 0.000000 -0.000000 0.000000
0.000000 1.000000 -0.000000 0.000000
-0.000000 -0.000000 1.000000 -0.000000
-0.000024 0.018754 0.000000 1.000000
1.000000 0.000000 0.000000 0.000000
0.000000 1.000000 0.000000 0.000000
0.000000 0.000000 1.000000 0.000000
0.000000 0.000000 0.000000 1.000000
BoneName: mixamorig6:LeftUpLeg
BoneIndex: 57
BoneParentIndex: 2
BoneChildrenCount: 1
58
-0.996639 -0.081674 0.006361 0.000000
0.081922 -0.993630 0.077387 0.000000
-0.000000 0.077648 0.996981 -0.000000
0.091493 -0.056916 0.002098 1.000000
-0.996639 0.081922 -0.000000 0.000000
-0.081674 -0.993630 0.077648 0.000000
0.006361 0.077387 0.996981 -0.000000
0.165636 0.898246 -0.047782 1.000000
BoneName: mixamorig6:LeftLeg
BoneIndex: 58
BoneParentIndex: 57
BoneChildrenCount: 1
59
0.999832 -0.018333 -0.000000 0.000000
0.018331 0.999741 -0.013493 0.000000
0.000247 0.013490 0.999909 -0.000000
-0.000000 0.408997 -0.000000 1.000000
-0.997973 0.063631 0.000859 0.000000
-0.063445 -0.995917 0.064217 0.000000
0.004941 0.064032 0.997936 -0.000000
0.156639 0.492804 -0.041137 1.000000
BoneName: mixamorig6:LeftFoot
BoneIndex: 59
BoneParentIndex: 58
BoneChildrenCount: 1
60
0.986897 0.000000 -0.161349 0.000000
-0.133412 0.562419 -0.816019 0.000000
0.090746 0.826852 0.555050 -0.000000
-0.000000 0.389727 0.000000 1.000000
-0.985036 0.168228 -0.037472 0.000000
-0.072975 -0.604060 -0.793590 0.000000
-0.156139 -0.778980 0.607297 -0.000000
0.161224 0.070643 0.076611 1.000000
BoneName: mixamorig6:LeftToeBase
BoneIndex: 60
BoneParentIndex: 59
BoneChildrenCount: 1
61
0.989536 0.000000 -0.144287 0.000000
-0.086406 0.800867 -0.592576 0.000000
0.115555 0.598843 0.792486 -0.000000
0.000000 0.194192 0.000000 1.000000
-0.969321 0.242046 -0.042779 0.000000
0.042294 -0.007203 -0.999079 0.000000
-0.242131 -0.970238 -0.003255 -0.000000
0.148482 -0.158274 0.005357 1.000000
BoneName: mixamorig6:LeftToe_End
BoneIndex: 61
BoneParentIndex: 60
BoneChildrenCount: 0
1.000000 0.000000 -0.000000 0.000000
0.000000 1.000000 -0.000000 0.000000
-0.000000 -0.000000 1.000000 -0.000000
0.000000 0.069070 0.000000 1.000000
1.000000 0.000000 0.000000 0.000000
0.000000 1.000000 0.000000 0.000000
0.000000 0.000000 1.000000 0.000000
0.000000 0.000000 0.000000 1.000000
BoneName: mixamorig6:RightUpLeg
BoneIndex: 62
BoneParentIndex: 2
BoneChildrenCount: 1
63
-0.996636 0.081739 -0.005929 0.000000
-0.081954 -0.994025 0.072100 0.000000
-0.000000 0.072343 0.997380 -0.000000
-0.091493 -0.056916 0.004555 1.000000
-0.996636 -0.081954 -0.000000 0.000000
0.081739 -0.994025 0.072343 0.000000
-0.005929 0.072100 0.997380 -0.000000
-0.165670 0.898304 -0.045397 1.000000
BoneName: mixamorig6:RightLeg
BoneIndex: 63
BoneParentIndex: 62
BoneChildrenCount: 1
64
0.999831 0.018408 -0.000000 0.000000
-0.018408 0.999830 0.000408 0.000000
0.000008 -0.000408 1.000000 -0.000000
-0.000000 0.408834 0.000000 1.000000
-0.997976 -0.063594 0.000026 0.000000
0.063428 -0.995331 0.072750 0.000000
-0.004601 0.072604 0.997350 -0.000000
-0.156632 0.492418 -0.045598 1.000000
BoneName: mixamorig6:RightFoot
BoneIndex: 64
BoneParentIndex: 63
BoneChildrenCount: 1
65
0.987369 -0.000000 0.158436 0.000000
0.132241 0.550752 -0.824127 0.000000
-0.087259 0.834669 0.543795 -0.000000
-0.000000 0.389955 -0.000000 1.000000
-0.985367 -0.167020 0.034016 0.000000
0.074153 -0.599747 -0.796746 0.000000
0.153474 -0.782565 0.603356 -0.000000
-0.161878 0.073297 0.074395 1.000000
BoneName: mixamorig6:RightToeBase
BoneIndex: 65
BoneParentIndex: 64
BoneChildrenCount: 1
66
0.991184 0.000000 0.132489 0.000000
0.078762 0.804109 -0.589241 0.000000
-0.106536 0.594482 0.797020 -0.000000
-0.000000 0.195600 -0.000000 1.000000
-0.972173 -0.231955 0.032798 0.000000
-0.032061 -0.006946 -0.999462 0.000000
0.232058 -0.972702 -0.000684 -0.000000
-0.150594 -0.154931 0.003833 1.000000
BoneName: mixamorig6:RightToe_End
BoneIndex: 66
BoneParentIndex: 65
BoneChildrenCount: 0
1.000000 0.000000 -0.000000 0.000000
0.000000 1.000000 -0.000000 0.000000
-0.000000 -0.000000 1.000000 -0.000000
-0.000000 0.072075 0.000000 1.000000
1.000000 0.000000 0.000000 0.000000
0.000000 1.000000 0.000000 0.000000
0.000000 0.000000 1.000000 0.000000
0.000000 0.000000 0.000000 1.000000
