BoneCount: 83
RootBone: 0
BoneName: RootNode
BoneIndex: 0
BoneParentIndex: -1
BoneChildrenCount: 2
1
11
1.000000 0.000000 -0.000000 0.000000
0.000000 1.000000 -0.000000 0.000000
-0.000000 -0.000000 1.000000 -0.000000
0.000000 0.000000 -0.000000 1.000000
1.000000 0.000000 0.000000 0.000000
0.000000 1.000000 0.000000 0.000000
0.000000 0.000000 1.000000 0.000000
0.000000 0.000000 0.000000 1.000000
BoneName: MaleBruteA_Meshes
BoneIndex: 1
BoneParentIndex: 0
BoneChildrenCount: 9
2
3
4
5
6
7
8
9
10
1.000000 0.000000 -0.000000 0.000000
0.000000 1.000000 -0.000000 0.000000
-0.000000 -0.000000 1.000000 -0.000000
0.000000 0.000000 -0.000000 1.000000
1.000000 0.000000 0.000000 0.000000
0.000000 1.000000 0.000000 0.000000
0.000000 0.000000 1.000000 0.000000
0.000000 0.000000 0.000000 1.000000
BoneName: BattleAxe_GEO
BoneIndex: 2
BoneParentIndex: 1
BoneChildrenCount: 0
1.000000 0.000000 -0.000000 0.000000
0.000000 1.000000 -0.000000 0.000000
-0.000000 -0.000000 1.000000 -0.000000
0.000000 0.000000 -0.000000 1.000000
1.000000 0.000000 0.000000 0.000000
0.000000 1.000000 0.000000 0.000000
0.000000 0.000000 1.000000 0.000000
0.000000 0.000000 0.000000 1.000000
BoneName: MaleBruteA_Hair
BoneIndex: 3
BoneParentIndex: 1
BoneChildrenCount: 0
1.000000 0.000000 -0.000000 0.000000
0.000000 1.000000 -0.000000 0.000000
-0.000000 -0.000000 1.000000 -0.000000
0.000000 0.000000 -0.000000 1.000000
1.000000 0.000000 0.000000 0.000000
0.000000 1.000000 0.000000 0.000000
0.000000 0.000000 1.000000 0.000000
0.000000 0.000000 0.000000 1.000000
BoneName: MaleBruteA_Bottoms
BoneIndex: 4
BoneParentIndex: 1
BoneChildrenCount: 0
1.000000 0.000000 -0.000000 0.000000
0.000000 1.000000 -0.000000 0.000000
-0.000000 -0.000000 1.000000 -0.000000
0.000000 0.000000 -0.000000 1.000000
1.000000 0.000000 0.000000 0.000000
0.000000 1.000000 0.000000 0.000000
0.000000 0.000000 1.000000 0.000000
0.000000 0.000000 0.000000 1.000000
BoneName: MaleBruteA_Shoes
BoneIndex: 5
BoneParentIndex: 1
BoneChildrenCount: 0
1.000000 0.000000 -0.000000 0.000000
0.000000 1.000000 -0.000000 0.000000
-0.000000 -0.000000 1.000000 -0.000000
0.000000 0.000000 -0.000000 1.000000
1.000000 0.000000 0.000000 0.000000
0.000000 1.000000 0.000000 0.000000
0.000000 0.000000 1.000000 0.000000
0.000000 0.000000 0.000000 1.000000
BoneName: MaleBruteA_Moustaches
BoneIndex: 6
BoneParentIndex: 1
BoneChildrenCount: 0
1.000000 0.000000 -0.000000 0.000000
0.000000 1.000000 -0.000000 0.000000
-0.000000 -0.000000 1.000000 -0.000000
0.000000 0.000000 -0.000000 1.000000
1.000000 0.000000 0.000000 0.000000
0.000000 1.000000 0.000000 0.000000
0.000000 0.000000 1.000000 0.000000
0.000000 0.000000 0.000000 1.000000
BoneName: MaleBruteA_Eyes
BoneIndex: 7
BoneParentIndex: 1
BoneChildrenCount: 0
1.000000 0.000000 -0.000000 0.000000
0.000000 1.000000 -0.000000 0.000000
-0.000000 -0.000000 1.000000 -0.000000
0.000000 0.000000 -0.000000 1.000000
1.000000 0.000000 0.000000 0.000000
0.000000 1.000000 0.000000 0.000000
0.000000 0.000000 1.000000 0.000000
0.000000 0.000000 0.000000 1.000000
BoneName: MaleBruteA_Eyelashes
BoneIndex: 8
BoneParentIndex: 1
BoneChildrenCount: 0
1.000000 0.000000 -0.000000 0.000000
0.000000 1.000000 -0.000000 0.000000
-0.000000 -0.000000 1.000000 -0.000000
0.000000 0.000000 -0.000000 1.000000
1.000000 0.000000 0.000000 0.000000
0.000000 1.000000 0.000000 0.000000
0.000000 0.000000 1.000000 0.000000
0.000000 0.000000 0.000000 1.000000
BoneName: MaleBruteA_Body
BoneIndex: 9
BoneParentIndex: 1
BoneChildrenCount: 0
1.000000 0.000000 -0.000000 0.000000
0.000000 1.000000 -0.000000 0.000000
-0.000000 -0.000000 1.000000 -0.000000
0.000000 0.000000 -0.000000 1.000000
1.000000 0.000000 0.000000 0.000000
0.000000 1.000000 0.000000 0.000000
0.000000 0.000000 1.000000 0.000000
0.000000 0.000000 0.000000 1.000000
BoneName: MaleBruteA_Earrings
BoneIndex: 10
BoneParentIndex: 1
BoneChildrenCount: 0
1.000000 0.000000 -0.000000 0.000000
0.000000 1.000000 -0.000000 0.000000
-0.000000 -0.000000 1.000000 -0.000000
0.000000 0.000000 -0.000000 1.000000
1.000000 0.000000 0.000000 0.000000
0.000000 1.000000 0.000000 0.000000
0.000000 0.000000 1.000000 0.000000
0.000000 0.000000 0.000000 1.000000
BoneName: mixamorig:Hips
BoneIndex: 11
BoneParentIndex: 0
BoneChildrenCount: 3
12
73
78
1.000000 -0.000949 0.000031 0.000000
0.000949 1.000000 -0.000003 0.000000
-0.000031 0.000004 1.000000 -0.000000
0.000000 1.218620 0.003858 1.000000
1.000000 0.000950 -0.000031 0.000000
-0.000950 1.000000 0.000003 0.000000
0.000031 -0.000003 1.000000 -0.000000
0.001157 -1.218619 -0.003862 1.000000
BoneName: mixamorig:Spine
BoneIndex: 12
BoneParentIndex: 11
BoneChildrenCount: 1
13
1.000000 0.000950 -0.000031 0.000000
-0.000935 0.989299 0.145898 0.000000
0.000169 -0.145898 0.989300 -0.000000
-0.000112 0.118432 0.013817 1.000000
1.000000 -0.000000 -0.000000 0.000000
0.000000 0.989300 -0.145895 0.000000
0.000000 0.145895 0.989300 -0.000000
-0.000000 -1.325325 0.177584 1.000000
BoneName: mixamorig:Spine1
BoneIndex: 13
BoneParentIndex: 12
BoneChildrenCount: 1
14
1.000000 0.000000 -0.000000 0.000000
0.000000 1.000000 -0.000000 0.000000
-0.000000 -0.000000 1.000000 -0.000000
-0.000000 0.140335 -0.000000 1.000000
1.000000 -0.000000 -0.000000 0.000000
0.000000 0.989300 -0.145895 0.000000
0.000000 0.145895 0.989300 -0.000000
-0.000000 -1.465659 0.177584 1.000000
BoneName: mixamorig:Spine2
BoneIndex: 14
BoneParentIndex: 13
BoneChildrenCount: 3
15
24
48
1.000000 0.000000 -0.000000 0.000000
0.000000 0.989300 -0.145895 0.000000
-0.000000 0.145895 0.989300 -0.000000
0.000000 0.159778 -0.000000 1.000000
1.000000 -0.000000 -0.000000 0.000000
0.000000 1.000000 -0.000000 0.000000
0.000000 0.000000 1.000000 -0.000000
-0.000000 -1.633954 -0.061460 1.000000
BoneName: mixamorig:Neck
BoneIndex: 15
BoneParentIndex: 14
BoneChildrenCount: 1
16
1.000000 0.000000 -0.000000 0.000000
0.000000 1.000000 -0.000000 0.000000
-0.000000 -0.000000 1.000000 -0.000000
0.000000 0.185709 -0.014903 1.000000
1.000000 -0.000000 -0.000000 0.000000
0.000000 1.000000 -0.000000 0.000000
0.000000 0.000000 1.000000 -0.000000
-0.000000 -1.819663 -0.046557 1.000000
BoneName: mixamorig:Head
BoneIndex: 16
BoneParentIndex: 15
BoneChildrenCount: 4
17
18
19
20
1.000000 0.000000 -0.000000 0.000000
0.000000 1.000000 -0.000000 0.000000
-0.000000 -0.000000 1.000000 -0.000000
-0.000000 0.094038 -0.030455 1.000000
1.000000 -0.000000 -0.000000 0.000000
0.000000 1.000000 -0.000000 0.000000
0.000000 0.000000 1.000000 -0.000000
-0.000000 -1.913701 -0.016101 1.000000
BoneName: mixamorig:HeadTop_End
BoneIndex: 17
BoneParentIndex: 16
BoneChildrenCount: 0
1.000000 0.000000 -0.000000 0.000000
0.000000 1.000000 -0.000000 0.000000
-0.000000 -0.000000 1.000000 -0.000000
-0.000000 0.221780 -0.070092 1.000000
1.000000 -0.000000 -0.000000 0.000000
0.000000 1.000000 -0.000000 0.000000
0.000000 0.000000 1.000000 -0.000000
-0.000000 -2.135481 0.053990 1.000000
BoneName: mixamorig:LeftEye
BoneIndex: 18
BoneParentIndex: 16
BoneChildrenCount: 0
1.000000 0.000000 -0.000000 0.000000
0.000000 0.997198 -0.074807 0.000000
-0.000000 0.074807 0.997198 -0.000000
0.041261 0.097638 -0.128006 1.000000
1.000000 0.000000 -0.000000 0.000000
0.000000 0.997198 0.074807 0.000000
0.000000 -0.074807 0.997198 -0.000000
-0.041262 -2.014075 -0.038872 1.000000
BoneName: mixamorig:RightEye
BoneIndex: 19
BoneParentIndex: 16
BoneChildrenCount: 0
1.000000 0.000000 -0.000000 0.000000
0.000000 0.997198 -0.074807 0.000000
-0.000000 0.074807 0.997198 -0.000000
-0.038829 0.097638 -0.127992 1.000000
1.000000 0.000000 -0.000000 0.000000
0.000000 0.997198 0.074807 0.000000
0.000000 -0.074807 0.997198 -0.000000
0.038829 -2.014074 -0.038885 1.000000
BoneName: mixamorig:Hair1
BoneIndex: 20
BoneParentIndex: 16
BoneChildrenCount: 1
21
-0.000000 -0.914593 0.404375 0.000000
-0.000000 0.404375 0.914593 0.000000
-1.000000 0.000000 -0.000000 -0.000000
-0.000064 0.104047 0.093481 1.000000
-0.000000 -0.000000 -1.000000 0.000000
-0.914593 0.404375 -0.000000 0.000000
0.404375 0.914593 -0.000000 -0.000000
1.801106 -0.916149 -0.000064 1.000000
BoneName: mixamorig:Hair2
BoneIndex: 21
BoneParentIndex: 20
BoneChildrenCount: 1
22
0.996688 0.081316 -0.000000 0.000000
-0.081316 0.996688 -0.000000 0.000000
-0.000000 -0.000000 1.000000 -0.000000
0.082454 0.000000 0.000000 1.000000
-0.000000 -0.000000 -1.000000 0.000000
-0.878682 0.477407 -0.000000 0.000000
0.477407 0.878682 -0.000000 -0.000000
1.638463 -1.052869 -0.000064 1.000000
BoneName: mixamorig:Hair3
BoneIndex: 22
BoneParentIndex: 21
BoneChildrenCount: 1
23
0.993907 0.110220 -0.000000 0.000000
-0.110220 0.993907 -0.000000 0.000000
-0.000000 -0.000000 1.000000 -0.000000
0.087564 -0.000000 0.000000 1.000000
-0.000000 -0.000000 -1.000000 0.000000
-0.820709 0.571347 -0.000000 0.000000
0.571347 0.820709 -0.000000 -0.000000
1.425402 -1.217395 -0.000064 1.000000
BoneName: mixamorig:Hair4
BoneIndex: 23
BoneParentIndex: 22
BoneChildrenCount: 0
1.000000 0.000000 -0.000000 0.000000
0.000000 1.000000 -0.000000 0.000000
-0.000000 -0.000000 1.000000 -0.000000
0.098899 -0.000000 0.000000 1.000000
-0.000000 -0.000000 -1.000000 0.000000
-0.820709 0.571347 -0.000000 0.000000
0.571347 0.820709 -0.000000 -0.000000
1.326503 -1.217395 -0.000064 1.000000
BoneName: mixamorig:LeftShoulder
BoneIndex: 24
BoneParentIndex: 14
BoneChildrenCount: 1
25
-0.236313 0.005075 0.971664 0.000000
0.971440 -0.020861 0.236368 0.000000
0.021469 0.999770 -0.000000 -0.000000
0.072798 0.109195 -0.005972 1.000000
-0.236313 0.971440 0.021470 0.000000
0.005075 -0.020861 0.999770 0.000000
0.971664 0.236368 0.000000 -0.000000
-0.045558 -0.047470 -1.744310 1.000000
BoneName: mixamorig:LeftArm
BoneIndex: 25
BoneParentIndex: 24
BoneChildrenCount: 1
26
0.974647 0.223748 -0.000278 0.000000
-0.223665 0.974316 0.026115 0.000000
0.006114 -0.025391 0.999659 -0.000000
-0.000000 0.200470 -0.000000 1.000000
-0.012970 0.999905 -0.004648 0.000000
-0.000000 0.004649 0.999989 0.000000
0.999916 0.012970 -0.000060 -0.000000
-0.099394 -0.276935 -1.737698 1.000000
BoneName: mixamorig:LeftForeArm
BoneIndex: 26
BoneParentIndex: 25
BoneChildrenCount: 1
27
0.999930 0.011861 -0.000055 0.000000
-0.011861 0.999904 -0.007230 0.000000
-0.000031 0.007230 0.999974 -0.000000
-0.000000 0.304101 -0.000000 1.000000
-0.001109 0.999996 0.002582 0.000000
-0.000000 -0.002582 0.999997 0.000000
0.999999 0.001109 0.000003 -0.000000
-0.106183 -0.567237 -1.741851 1.000000
BoneName: mixamorig:LeftHand
BoneIndex: 27
BoneParentIndex: 26
BoneChildrenCount: 5
28
32
36
40
44
1.000000 0.000000 -0.000000 0.000000
0.000000 1.000000 -0.000000 0.000000
-0.000000 -0.000000 1.000000 -0.000000
-0.000000 0.289515 0.000000 1.000000
-0.001109 0.999996 0.002582 0.000000
-0.000000 -0.002582 0.999997 0.000000
0.999999 0.001109 0.000003 -0.000000
-0.106183 -0.856752 -1.741851 1.000000
BoneName: mixamorig:LeftHandThumb1
BoneIndex: 28
BoneParentIndex: 27
BoneChildrenCount: 1
29
0.863701 0.503177 0.028876 0.000000
-0.441471 0.782936 -0.438310 0.000000
-0.243156 0.365820 0.898360 -0.000000
-0.039540 0.044650 -0.035253 1.000000
0.502292 0.782290 0.368408 0.000000
0.027577 -0.440330 0.897412 0.000000
0.864258 -0.440603 -0.242747 -0.000000
-0.560405 0.071699 -1.846686 1.000000
BoneName: mixamorig:LeftHandThumb2
BoneIndex: 29
BoneParentIndex: 28
BoneChildrenCount: 1
30
0.999842 0.017762 -0.000001 0.000000
-0.017762 0.999842 -0.001216 0.000000
-0.000020 0.001216 0.999999 -0.000000
0.000000 0.068997 0.000000 1.000000
0.516107 0.772797 0.369349 0.000000
0.019751 -0.441841 0.896876 0.000000
0.856296 -0.455589 -0.243301 -0.000000
-0.560267 0.014902 -1.846670 1.000000
BoneName: mixamorig:LeftHandThumb3
BoneIndex: 30
BoneParentIndex: 29
BoneChildrenCount: 1
31
0.999998 0.002090 0.000002 0.000000
-0.002090 0.999998 -0.000141 0.000000
-0.000003 0.000141 1.000000 -0.000000
-0.000000 0.062894 -0.000000 1.000000
0.517723 0.771664 0.369456 0.000000
0.018829 -0.442008 0.896814 0.000000
0.855341 -0.457344 -0.243367 -0.000000
-0.560370 -0.046562 -1.846675 1.000000
BoneName: mixamorig:LeftHandThumb4
BoneIndex: 31
BoneParentIndex: 30
BoneChildrenCount: 0
1.000000 0.000000 -0.000000 0.000000
0.000000 1.000000 -0.000000 0.000000
-0.000000 -0.000000 1.000000 -0.000000
-0.000000 0.050639 0.000000 1.000000
0.517723 0.771664 0.369456 0.000000
0.018829 -0.442008 0.896814 0.000000
0.855341 -0.457344 -0.243367 -0.000000
-0.560370 -0.097201 -1.846675 1.000000
BoneName: mixamorig:LeftHandIndex1
BoneIndex: 32
BoneParentIndex: 27
BoneChildrenCount: 1
33
0.999934 -0.011512 -0.000030 0.000000
0.011512 0.999933 0.000865 0.000000
0.000020 -0.000865 1.000000 -0.000000
-0.045067 0.159728 -0.015024 1.000000
-0.012621 0.999919 0.001717 0.000000
-0.000000 -0.001717 0.999999 0.000000
0.999920 0.012621 0.000022 -0.000000
-0.049358 -1.018610 -1.725948 1.000000
BoneName: mixamorig:LeftHandIndex2
BoneIndex: 33
BoneParentIndex: 32
BoneChildrenCount: 1
34
1.000000 0.000288 0.000000 0.000000
-0.000288 1.000000 -0.000039 0.000000
-0.000001 0.000039 1.000000 -0.000000
0.000000 0.056486 0.000000 1.000000
-0.012333 0.999922 0.001756 0.000000
-0.000000 -0.001756 0.999998 0.000000
0.999924 0.012333 0.000022 -0.000000
-0.049669 -1.075015 -1.725990 1.000000
BoneName: mixamorig:LeftHandIndex3
BoneIndex: 34
BoneParentIndex: 33
BoneChildrenCount: 1
35
1.000000 -0.000147 -0.000000 0.000000
0.000147 1.000000 0.000020 0.000000
0.000000 -0.000020 1.000000 -0.000000
-0.000000 0.053395 -0.000000 1.000000
-0.012480 0.999921 0.001735 0.000000
-0.000000 -0.001735 0.999999 0.000000
0.999922 0.012480 0.000022 -0.000000
-0.049502 -1.128453 -1.725967 1.000000
BoneName: mixamorig:LeftHandIndex4
BoneIndex: 35
BoneParentIndex: 34
BoneChildrenCount: 0
1.000000 0.000000 -0.000000 0.000000
0.000000 1.000000 -0.000000 0.000000
-0.000000 -0.000000 1.000000 -0.000000
-0.000000 0.045633 -0.000000 1.000000
-0.012480 0.999921 0.001735 0.000000
-0.000000 -0.001735 0.999999 0.000000
0.999922 0.012480 0.000022 -0.000000
-0.049502 -1.174085 -1.725967 1.000000
BoneName: mixamorig:LeftHandMiddle1
BoneIndex: 36
BoneParentIndex: 27
BoneChildrenCount: 1
37
0.999937 -0.011246 -0.000029 0.000000
0.011246 0.999936 0.001239 0.000000
0.000015 -0.001239 0.999999 -0.000000
-0.000632 0.168517 0.000477 1.000000
-0.012355 0.999923 0.001342 0.000000
-0.000000 -0.001343 0.999999 0.000000
0.999924 0.012355 0.000017 -0.000000
-0.093963 -1.028550 -1.741058 1.000000
BoneName: mixamorig:LeftHandMiddle2
BoneIndex: 37
BoneParentIndex: 36
BoneChildrenCount: 1
38
1.000000 0.000043 0.000000 0.000000
-0.000043 1.000000 -0.000816 0.000000
-0.000000 0.000816 1.000000 -0.000000
0.000000 0.060363 0.000000 1.000000
-0.012312 0.999922 0.002158 0.000000
-0.000000 -0.002158 0.999998 0.000000
0.999924 0.012312 0.000027 -0.000000
-0.094011 -1.087488 -1.741946 1.000000
BoneName: mixamorig:LeftHandMiddle3
BoneIndex: 38
BoneParentIndex: 37
BoneChildrenCount: 1
39
1.000000 -0.000054 -0.000000 0.000000
0.000054 0.999999 0.001078 0.000000
0.000000 -0.001078 0.999999 -0.000000
-0.000000 0.050801 0.000000 1.000000
-0.012366 0.999923 0.001081 0.000000
-0.000000 -0.001081 0.999999 0.000000
0.999924 0.012366 0.000013 -0.000000
-0.093949 -1.140172 -1.740718 1.000000
BoneName: mixamorig:LeftHandMiddle4
BoneIndex: 39
BoneParentIndex: 38
BoneChildrenCount: 0
1.000000 0.000000 -0.000000 0.000000
0.000000 1.000000 -0.000000 0.000000
-0.000000 -0.000000 1.000000 -0.000000
-0.000000 0.049112 -0.000000 1.000000
-0.012366 0.999923 0.001081 0.000000
-0.000000 -0.001081 0.999999 0.000000
0.999924 0.012366 0.000013 -0.000000
-0.093949 -1.189283 -1.740718 1.000000
BoneName: mixamorig:LeftHandRing1
BoneIndex: 40
BoneParentIndex: 27
BoneChildrenCount: 1
41
0.999937 -0.011269 -0.000029 0.000000
0.011270 0.999935 0.001678 0.000000
0.000010 -0.001678 0.999999 -0.000000
0.043867 0.161020 0.001056 1.000000
-0.012378 0.999923 0.000904 0.000000
-0.000000 -0.000904 1.000000 0.000000
0.999923 0.012378 0.000011 -0.000000
-0.138519 -1.022323 -1.741198 1.000000
BoneName: mixamorig:LeftHandRing2
BoneIndex: 41
BoneParentIndex: 40
BoneChildrenCount: 1
42
1.000000 0.000058 0.000000 0.000000
-0.000058 0.999999 -0.001091 0.000000
-0.000000 0.001091 0.999999 -0.000000
0.000000 0.054251 0.000000 1.000000
-0.012320 0.999922 0.001995 0.000000
-0.000000 -0.001995 0.999998 0.000000
0.999924 0.012320 0.000025 -0.000000
-0.138582 -1.074665 -1.742371 1.000000
BoneName: mixamorig:LeftHandRing3
BoneIndex: 42
BoneParentIndex: 41
BoneChildrenCount: 1
43
1.000000 -0.000041 -0.000000 0.000000
0.000041 1.000000 0.000960 0.000000
0.000000 -0.000960 1.000000 -0.000000
-0.000000 0.043093 -0.000000 1.000000
-0.012361 0.999923 0.001035 0.000000
-0.000000 -0.001035 0.999999 0.000000
0.999924 0.012361 0.000013 -0.000000
-0.138536 -1.119435 -1.741298 1.000000
BoneName: mixamorig:LeftHandRing4
BoneIndex: 43
BoneParentIndex: 42
BoneChildrenCount: 0
1.000000 0.000000 -0.000000 0.000000
0.000000 1.000000 -0.000000 0.000000
-0.000000 -0.000000 1.000000 -0.000000
0.000000 0.040275 0.000000 1.000000
-0.012361 0.999923 0.001035 0.000000
-0.000000 -0.001035 0.999999 0.000000
0.999924 0.012361 0.000013 -0.000000
-0.138536 -1.159710 -1.741298 1.000000
BoneName: mixamorig:LeftHandPinky1
BoneIndex: 44
BoneParentIndex: 27
BoneChildrenCount: 1
45
0.999937 -0.011238 -0.000029 0.000000
0.011238 0.999936 0.001290 0.000000
0.000015 -0.001290 0.999999 -0.000000
0.076839 0.139896 -0.015300 1.000000
-0.012347 0.999923 0.001291 0.000000
-0.000000 -0.001292 0.999999 0.000000
0.999924 0.012347 0.000016 -0.000000
-0.171760 -1.000869 -1.725267 1.000000
BoneName: mixamorig:LeftHandPinky2
BoneIndex: 45
BoneParentIndex: 44
BoneChildrenCount: 1
46
1.000000 -0.000028 -0.000000 0.000000
0.000028 1.000000 0.000610 0.000000
0.000000 -0.000610 1.000000 -0.000000
-0.000000 0.038380 -0.000000 1.000000
-0.012375 0.999923 0.000681 0.000000
-0.000000 -0.000681 1.000000 0.000000
0.999923 0.012375 0.000008 -0.000000
-0.171731 -1.040307 -1.724632 1.000000
BoneName: mixamorig:LeftHandPinky3
BoneIndex: 46
BoneParentIndex: 45
BoneChildrenCount: 1
47
1.000000 -0.000088 -0.000000 0.000000
0.000088 0.999998 0.001755 0.000000
-0.000000 -0.001755 0.999998 -0.000000
0.000000 0.034106 0.000000 1.000000
-0.012462 0.999922 -0.001074 0.000000
-0.000000 0.001074 0.999999 0.000000
0.999922 0.012462 -0.000013 -0.000000
-0.171637 -1.077454 -1.722743 1.000000
BoneName: mixamorig:LeftHandPinky4
BoneIndex: 47
BoneParentIndex: 46
BoneChildrenCount: 0
1.000000 0.000000 -0.000000 0.000000
0.000000 1.000000 -0.000000 0.000000
-0.000000 -0.000000 1.000000 -0.000000
0.000000 0.039593 0.000000 1.000000
-0.012462 0.999922 -0.001074 0.000000
-0.000000 0.001074 0.999999 0.000000
0.999922 0.012462 -0.000013 -0.000000
-0.171637 -1.117047 -1.722743 1.000000
BoneName: mixamorig:RightShoulder
BoneIndex: 48
BoneParentIndex: 14
BoneChildrenCount: 1
49
-0.236312 -0.005072 -0.971664 0.000000
-0.971440 -0.020851 0.236366 0.000000
-0.021459 0.999770 -0.000000 -0.000000
-0.072798 0.109196 -0.005972 1.000000
-0.236312 -0.971440 -0.021459 0.000000
-0.005072 -0.020851 0.999770 0.000000
-0.971664 0.236366 -0.000000 -0.000000
0.045554 -0.047488 -1.744311 1.000000
BoneName: mixamorig:RightArm
BoneIndex: 49
BoneParentIndex: 48
BoneChildrenCount: 1
50
0.974648 -0.223744 0.000278 0.000000
0.223661 0.974318 0.026093 0.000000
-0.006109 -0.025369 0.999659 -0.000000
0.000000 0.200469 -0.000000 1.000000
-0.012973 -0.999905 0.004636 0.000000
-0.000000 0.004637 0.999989 0.000000
-0.999916 0.012973 -0.000060 -0.000000
0.099393 -0.276914 -1.737705 1.000000
BoneName: mixamorig:RightForeArm
BoneIndex: 50
BoneParentIndex: 49
BoneChildrenCount: 1
51
0.999930 -0.011864 0.000055 0.000000
0.011864 0.999904 -0.007227 0.000000
0.000031 0.007227 0.999974 -0.000000
-0.000000 0.304102 -0.000000 1.000000
-0.001109 -0.999996 -0.002591 0.000000
-0.000000 -0.002591 0.999997 0.000000
-0.999999 0.001109 0.000003 -0.000000
0.106183 -0.567223 -1.741855 1.000000
BoneName: mixamorig:RightHand
BoneIndex: 51
BoneParentIndex: 50
BoneChildrenCount: 6
52
56
60
64
68
72
1.000000 0.000000 -0.000000 0.000000
0.000000 1.000000 -0.000000 0.000000
-0.000000 -0.000000 1.000000 -0.000000
0.000000 0.289515 -0.000000 1.000000
-0.001109 -0.999996 -0.002591 0.000000
-0.000000 -0.002591 0.999997 0.000000
-0.999999 0.001109 0.000003 -0.000000
0.106183 -0.856738 -1.741855 1.000000
BoneName: mixamorig:RightHandThumb1
BoneIndex: 52
BoneParentIndex: 51
BoneChildrenCount: 1
53
0.865152 -0.500961 -0.023449 0.000000
0.441479 0.782942 -0.438289 0.000000
0.237925 0.368835 0.898528 -0.000000
0.039540 0.044651 -0.035254 1.000000
0.500061 -0.782293 -0.371425 0.000000
-0.022151 -0.440316 0.897569 0.000000
-0.865707 -0.440612 -0.237514 -0.000000
0.549235 0.071672 -1.850036 1.000000
BoneName: mixamorig:RightHandThumb2
BoneIndex: 53
BoneParentIndex: 52
BoneChildrenCount: 1
54
0.999842 -0.017762 -0.000007 0.000000
0.017762 0.999841 -0.001358 0.000000
0.000032 0.001357 0.999999 -0.000000
-0.000000 0.068996 0.000000 1.000000
0.513880 -0.772783 -0.372470 0.000000
-0.014334 -0.441858 0.896970 0.000000
-0.857743 -0.455596 -0.238139 -0.000000
0.549115 0.014942 -1.850013 1.000000
BoneName: mixamorig:RightHandThumb3
BoneIndex: 54
BoneParentIndex: 53
BoneChildrenCount: 1
55
0.999998 -0.002037 -0.000004 0.000000
0.002037 0.999998 -0.000057 0.000000
0.000004 0.000057 1.000000 -0.000000
-0.000000 0.062893 -0.000000 1.000000
0.515454 -0.771713 -0.372513 0.000000
-0.013437 -0.441938 0.896945 0.000000
-0.856812 -0.457329 -0.238168 -0.000000
0.549218 -0.046726 -1.850014 1.000000
BoneName: mixamorig:RightHandThumb4
BoneIndex: 55
BoneParentIndex: 54
BoneChildrenCount: 0
1.000000 0.000000 -0.000000 0.000000
0.000000 1.000000 -0.000000 0.000000
-0.000000 -0.000000 1.000000 -0.000000
0.000000 0.050641 -0.000000 1.000000
0.515454 -0.771713 -0.372513 0.000000
-0.013437 -0.441938 0.896945 0.000000
-0.856812 -0.457329 -0.238168 -0.000000
0.549218 -0.097367 -1.850014 1.000000
BoneName: mixamorig:RightHandIndex1
BoneIndex: 56
BoneParentIndex: 51
BoneChildrenCount: 1
57
0.999934 0.011512 0.000030 0.000000
-0.011512 0.999933 0.000820 0.000000
-0.000020 -0.000820 1.000000 -0.000000
0.045067 0.159731 -0.015016 1.000000
-0.012621 -0.999919 -0.001770 0.000000
-0.000000 -0.001770 0.999998 0.000000
-0.999920 0.012621 0.000022 -0.000000
0.049358 -1.018520 -1.726006 1.000000
BoneName: mixamorig:RightHandIndex2
BoneIndex: 57
BoneParentIndex: 56
BoneChildrenCount: 1
58
1.000000 -0.000286 -0.000001 0.000000
0.000286 1.000000 0.000085 0.000000
0.000000 -0.000085 1.000000 -0.000000
-0.000000 0.056485 -0.000000 1.000000
-0.012335 -0.999923 -0.001685 0.000000
-0.000000 -0.001686 0.999999 0.000000
-0.999924 0.012335 0.000021 -0.000000
0.049667 -1.075137 -1.725915 1.000000
BoneName: mixamorig:RightHandIndex3
BoneIndex: 58
BoneParentIndex: 57
BoneChildrenCount: 1
59
1.000000 0.000145 0.000000 0.000000
-0.000145 1.000000 -0.000068 0.000000
-0.000000 0.000068 1.000000 -0.000000
0.000000 0.053394 0.000000 1.000000
-0.012480 -0.999921 -0.001753 0.000000
-0.000000 -0.001753 0.999998 0.000000
-0.999922 0.012480 0.000022 -0.000000
0.049503 -1.128422 -1.725991 1.000000
BoneName: mixamorig:RightHandIndex4
BoneIndex: 59
BoneParentIndex: 58
BoneChildrenCount: 0
1.000000 0.000000 -0.000000 0.000000
0.000000 1.000000 -0.000000 0.000000
-0.000000 -0.000000 1.000000 -0.000000
-0.000000 0.045634 -0.000000 1.000000
-0.012480 -0.999921 -0.001753 0.000000
-0.000000 -0.001753 0.999998 0.000000
-0.999922 0.012480 0.000022 -0.000000
0.049503 -1.174055 -1.725991 1.000000
BoneName: mixamorig:RightHandMiddle1
BoneIndex: 60
BoneParentIndex: 51
BoneChildrenCount: 1
61
0.999937 0.011250 0.000029 0.000000
-0.011250 0.999936 0.001099 0.000000
-0.000017 -0.001100 0.999999 -0.000000
0.000632 0.168520 0.000487 1.000000
-0.012358 -0.999923 -0.001491 0.000000
-0.000000 -0.001491 0.999999 0.000000
-0.999924 0.012358 0.000018 -0.000000
0.093960 -1.028295 -1.741215 1.000000
BoneName: mixamorig:RightHandMiddle2
BoneIndex: 61
BoneParentIndex: 60
BoneChildrenCount: 1
62
1.000000 -0.000054 -0.000000 0.000000
0.000054 1.000000 -0.000675 0.000000
0.000000 0.000675 1.000000 -0.000000
-0.000000 0.060365 0.000000 1.000000
-0.012305 -0.999922 -0.002165 0.000000
-0.000000 -0.002166 0.999998 0.000000
-0.999924 0.012305 0.000027 -0.000000
0.094019 -1.087480 -1.741949 1.000000
BoneName: mixamorig:RightHandMiddle3
BoneIndex: 62
BoneParentIndex: 61
BoneChildrenCount: 1
63
1.000000 0.000075 0.000000 0.000000
-0.000075 0.999999 0.001148 0.000000
-0.000000 -0.001148 0.999999 -0.000000
0.000000 0.050794 0.000000 1.000000
-0.012379 -0.999923 -0.001018 0.000000
-0.000000 -0.001018 0.999999 0.000000
-0.999923 0.012379 0.000013 -0.000000
0.093933 -1.140279 -1.740642 1.000000
BoneName: mixamorig:RightHandMiddle4
BoneIndex: 63
BoneParentIndex: 62
BoneChildrenCount: 0
1.000000 0.000000 -0.000000 0.000000
0.000000 1.000000 -0.000000 0.000000
-0.000000 -0.000000 1.000000 -0.000000
-0.000000 0.049114 0.000000 1.000000
-0.012379 -0.999923 -0.001018 0.000000
-0.000000 -0.001018 0.999999 0.000000
-0.999923 0.012379 0.000013 -0.000000
0.093933 -1.189393 -1.740642 1.000000
BoneName: mixamorig:RightHandRing1
BoneIndex: 64
BoneParentIndex: 51
BoneChildrenCount: 1
65
0.999937 0.011259 0.000029 0.000000
-0.011259 0.999935 0.001669 0.000000
-0.000010 -0.001669 0.999999 -0.000000
-0.043866 0.161018 0.001057 1.000000
-0.012368 -0.999923 -0.000922 0.000000
-0.000000 -0.000922 1.000000 0.000000
-0.999924 0.012368 0.000011 -0.000000
0.138530 -1.022287 -1.741213 1.000000
BoneName: mixamorig:RightHandRing2
BoneIndex: 65
BoneParentIndex: 64
BoneChildrenCount: 1
66
1.000000 -0.000046 -0.000000 0.000000
0.000046 1.000000 -0.000935 0.000000
0.000000 0.000935 1.000000 -0.000000
-0.000000 0.054254 0.000000 1.000000
-0.012322 -0.999922 -0.001856 0.000000
-0.000000 -0.001856 0.999998 0.000000
-0.999924 0.012322 0.000023 -0.000000
0.138580 -1.074907 -1.742218 1.000000
BoneName: mixamorig:RightHandRing3
BoneIndex: 66
BoneParentIndex: 65
BoneChildrenCount: 1
67
1.000000 0.000043 0.000000 0.000000
-0.000043 1.000000 0.000863 0.000000
-0.000000 -0.000863 1.000000 -0.000000
0.000000 0.043093 -0.000000 1.000000
-0.012366 -0.999923 -0.000993 0.000000
-0.000000 -0.000993 1.000000 0.000000
-0.999924 0.012366 0.000012 -0.000000
0.138531 -1.119510 -1.741253 1.000000
BoneName: mixamorig:RightHandRing4
BoneIndex: 67
BoneParentIndex: 66
BoneChildrenCount: 0
1.000000 0.000000 -0.000000 0.000000
0.000000 1.000000 -0.000000 0.000000
-0.000000 -0.000000 1.000000 -0.000000
0.000000 0.040273 0.000000 1.000000
-0.012366 -0.999923 -0.000993 0.000000
-0.000000 -0.000993 1.000000 0.000000
-0.999924 0.012366 0.000012 -0.000000
0.138531 -1.159783 -1.741253 1.000000
BoneName: mixamorig:RightHandPinky1
BoneIndex: 68
BoneParentIndex: 51
BoneChildrenCount: 1
69
0.999937 0.011241 0.000029 0.000000
-0.011241 0.999936 0.001288 0.000000
-0.000015 -0.001288 0.999999 -0.000000
-0.076839 0.139896 -0.015298 1.000000
-0.012349 -0.999923 -0.001303 0.000000
-0.000000 -0.001303 0.999999 0.000000
-0.999924 0.012349 0.000016 -0.000000
0.171758 -1.000851 -1.725275 1.000000
BoneName: mixamorig:RightHandPinky2
BoneIndex: 69
BoneParentIndex: 68
BoneChildrenCount: 1
70
1.000000 0.000025 0.000000 0.000000
-0.000025 1.000000 0.000716 0.000000
-0.000000 -0.000716 1.000000 -0.000000
0.000000 0.038383 -0.000000 1.000000
-0.012374 -0.999923 -0.000586 0.000000
-0.000000 -0.000586 1.000000 0.000000
-0.999923 0.012374 0.000007 -0.000000
0.171731 -1.040474 -1.724530 1.000000
BoneName: mixamorig:RightHandPinky3
BoneIndex: 70
BoneParentIndex: 69
BoneChildrenCount: 1
71
1.000000 0.000077 0.000000 0.000000
-0.000077 0.999999 0.001597 0.000000
0.000000 -0.001597 0.999999 -0.000000
-0.000000 0.034103 0.000000 1.000000
-0.012452 -0.999922 0.001010 0.000000
-0.000000 0.001010 0.999999 0.000000
-0.999922 0.012452 -0.000013 -0.000000
0.171648 -1.077342 -1.722812 1.000000
BoneName: mixamorig:RightHandPinky4
BoneIndex: 71
BoneParentIndex: 70
BoneChildrenCount: 0
1.000000 0.000000 -0.000000 0.000000
0.000000 1.000000 -0.000000 0.000000
-0.000000 -0.000000 1.000000 -0.000000
0.000000 0.039593 0.000000 1.000000
-0.012452 -0.999922 0.001010 0.000000
-0.000000 0.001010 0.999999 0.000000
-0.999922 0.012452 -0.000013 -0.000000
0.171648 -1.116935 -1.722812 1.000000
BoneName: mixamorig:Weapon
BoneIndex: 72
BoneParentIndex: 51
BoneChildrenCount: 0
0.306430 -0.950273 -0.055523 0.000000
0.053444 -0.041061 0.997726 0.000000
-0.950392 -0.308700 0.038204 -0.000000
-0.015447 0.114100 -0.051134 1.000000
0.950073 0.038417 0.309654 0.000000
-0.053061 0.997829 0.039003 0.000000
-0.307483 -0.053487 0.950049 -0.000000
1.053705 -1.640512 0.119509 1.000000
BoneName: mixamorig:RightUpLeg
BoneIndex: 73
BoneParentIndex: 11
BoneChildrenCount: 1
74
-1.000000 -0.000950 0.000031 0.000000
0.000949 -0.999951 -0.009831 0.000000
0.000040 -0.009831 0.999952 -0.000000
-0.117190 -0.092141 -0.003558 1.000000
-1.000000 -0.000000 0.000000 0.000000
-0.000000 -0.999952 -0.009828 0.000000
0.000000 -0.009828 0.999952 -0.000000
-0.117277 1.126539 0.010774 1.000000
BoneName: mixamorig:RightLeg
BoneIndex: 74
BoneParentIndex: 73
BoneChildrenCount: 1
75
1.000000 0.000000 -0.000000 0.000000
0.000000 0.996135 0.087830 0.000000
-0.000000 -0.087830 0.996135 -0.000000
-0.000000 0.485720 0.000000 1.000000
-1.000000 0.000000 0.000000 0.000000
-0.000000 -0.996951 0.078037 0.000000
0.000000 0.078037 0.996951 -0.000000
-0.117277 0.639288 -0.045551 1.000000
BoneName: mixamorig:RightFoot
BoneIndex: 75
BoneParentIndex: 74
BoneChildrenCount: 1
76
0.994762 -0.044043 0.092240 0.000000
0.097583 0.677807 -0.728735 0.000000
-0.030426 0.733919 0.678555 -0.000000
0.000000 0.487840 0.000000 1.000000
-0.994762 -0.097583 0.030426 0.000000
0.051107 -0.732608 -0.678729 0.000000
0.088522 -0.673619 0.733758 -0.000000
-0.127535 0.124403 0.083810 1.000000
BoneName: mixamorig:RightToeBase
BoneIndex: 76
BoneParentIndex: 75
BoneChildrenCount: 1
77
0.998438 0.052853 0.018134 0.000000
-0.022493 0.677243 -0.735415 0.000000
-0.051150 0.733858 0.677374 -0.000000
-0.000000 0.210000 -0.000000 1.000000
-0.997814 -0.066087 -0.000120 0.000000
-0.000002 0.001844 -0.999998 0.000000
0.066088 -0.997812 -0.001840 -0.000000
-0.130340 -0.116737 0.000478 1.000000
BoneName: mixamorig:RightToe_End
BoneIndex: 77
BoneParentIndex: 76
BoneChildrenCount: 0
1.000000 0.000000 -0.000000 0.000000
0.000000 1.000000 -0.000000 0.000000
-0.000000 -0.000000 1.000000 -0.000000
-0.000000 0.205930 0.000000 1.000000
-0.997814 -0.066087 -0.000120 0.000000
-0.000002 0.001844 -0.999998 0.000000
0.066088 -0.997812 -0.001840 -0.000000
-0.130340 -0.322667 0.000478 1.000000
BoneName: mixamorig:LeftUpLeg
BoneIndex: 78
BoneParentIndex: 11
BoneChildrenCount: 1
79
-1.000000 -0.000950 0.000031 0.000000
0.000949 -0.999951 -0.009831 0.000000
0.000040 -0.009831 0.999952 -0.000000
0.117364 -0.091919 -0.003565 1.000000
-1.000000 -0.000000 0.000000 0.000000
-0.000000 -0.999952 -0.009828 0.000000
0.000000 -0.009828 0.999952 -0.000000
0.117277 1.126538 0.010774 1.000000
BoneName: mixamorig:LeftLeg
BoneIndex: 79
BoneParentIndex: 78
BoneChildrenCount: 1
80
1.000000 0.000000 -0.000000 0.000000
0.000000 0.996135 0.087830 0.000000
-0.000000 -0.087830 0.996135 -0.000000
0.000000 0.485720 -0.000000 1.000000
-1.000000 0.000000 0.000000 0.000000
-0.000000 -0.996951 0.078037 0.000000
0.000000 0.078037 0.996951 -0.000000
0.117277 0.639288 -0.045551 1.000000
BoneName: mixamorig:LeftFoot
BoneIndex: 80
BoneParentIndex: 79
BoneChildrenCount: 1
81
0.994762 0.044045 -0.092239 0.000000
-0.097583 0.677810 -0.728733 0.000000
0.030423 0.733917 0.678558 -0.000000
0.000000 0.487840 -0.000000 1.000000
-0.994762 0.097583 -0.030423 0.000000
-0.051109 -0.732611 -0.678726 0.000000
-0.088521 -0.673616 0.733761 -0.000000
0.127535 0.124403 0.083809 1.000000
BoneName: mixamorig:LeftToeBase
BoneIndex: 81
BoneParentIndex: 80
BoneChildrenCount: 1
82
0.998438 -0.052851 -0.018135 0.000000
0.022492 0.677241 -0.735418 0.000000
0.051149 0.733861 0.677371 -0.000000
0.000000 0.210000 0.000000 1.000000
-0.997814 0.066087 0.000124 0.000000
-0.000002 0.001844 -0.999998 0.000000
-0.066087 -0.997812 -0.001840 -0.000000
0.130339 -0.116736 0.000477 1.000000
BoneName: mixamorig:LeftToe_End
BoneIndex: 82
BoneParentIndex: 81
BoneChildrenCount: 0
1.000000 0.000000 -0.000000 0.000000
0.000000 1.000000 -0.000000 0.000000
-0.000000 -0.000000 1.000000 -0.000000
0.000000 0.205929 0.000000 1.000000
-0.997814 0.066087 0.000124 0.000000
-0.000002 0.001844 -0.999998 0.000000
-0.066087 -0.997812 -0.001840 -0.000000
0.130339 -0.322665 0.000477 1.000000
