BoneCount: 104
RootBone: 0
BoneName: RootNode
BoneIndex: 0
BoneParentIndex: -1
BoneChildrenCount: 5
1
2
3
4
5
1.000000 0.000000 -0.000000 0.000000
0.000000 1.000000 -0.000000 0.000000
-0.000000 -0.000000 1.000000 -0.000000
0.000000 0.000000 -0.000000 1.000000
1.000000 0.000000 0.000000 0.000000
0.000000 1.000000 0.000000 0.000000
0.000000 0.000000 1.000000 0.000000
0.000000 0.000000 0.000000 1.000000
BoneName: Fitness_Grandma_MouthAnimGeo
BoneIndex: 1
BoneParentIndex: 0
BoneChildrenCount: 0
1.000000 0.000000 -0.000000 0.000000
0.000000 1.000000 -0.000000 0.000000
-0.000000 -0.000000 1.000000 -0.000000
0.000000 0.000000 -0.000000 1.000000
1.000000 0.000000 0.000000 0.000000
0.000000 1.000000 0.000000 0.000000
0.000000 0.000000 1.000000 0.000000
0.000000 0.000000 0.000000 1.000000
BoneName: Fitness_Grandma_EyesAnimGeo
BoneIndex: 2
BoneParentIndex: 0
BoneChildrenCount: 0
1.000000 0.000000 -0.000000 0.000000
0.000000 1.000000 -0.000000 0.000000
-0.000000 -0.000000 1.000000 -0.000000
0.000000 0.000000 -0.000000 1.000000
1.000000 0.000000 0.000000 0.000000
0.000000 1.000000 0.000000 0.000000
0.000000 0.000000 1.000000 0.000000
0.000000 0.000000 0.000000 1.000000
BoneName: Fitness_Grandma_BrowsAnimGeo
BoneIndex: 3
BoneParentIndex: 0
BoneChildrenCount: 0
1.000000 0.000000 -0.000000 0.000000
0.000000 1.000000 -0.000000 0.000000
-0.000000 -0.000000 1.000000 -0.000000
0.000000 0.000000 -0.000000 1.000000
1.000000 0.000000 0.000000 0.000000
0.000000 1.000000 0.000000 0.000000
0.000000 0.000000 1.000000 0.000000
0.000000 0.000000 0.000000 1.000000
BoneName: Fitness_Grandma_BodyGeo
BoneIndex: 4
BoneParentIndex: 0
BoneChildrenCount: 0
1.000000 0.000000 -0.000000 0.000000
0.000000 1.000000 -0.000000 0.000000
-0.000000 -0.000000 1.000000 -0.000000
0.000000 0.000000 -0.000000 1.000000
1.000000 0.000000 0.000000 0.000000
0.000000 1.000000 0.000000 0.000000
0.000000 0.000000 1.000000 0.000000
0.000000 0.000000 0.000000 1.000000
BoneName: mixamorig:Hips
BoneIndex: 5
BoneParentIndex: 0
BoneChildrenCount: 3
6
90
97
1.000000 0.000000 -0.000000 0.000000
0.000000 1.000000 -0.000000 0.000000
-0.000000 -0.000000 1.000000 -0.000000
0.000000 0.871622 -0.022651 1.000000
1.000000 0.000000 -0.000000 0.000000
0.000000 1.000000 -0.000000 0.000000
-0.000000 -0.000000 1.000000 -0.000000
0.000000 -0.871622 0.022651 1.000000
BoneName: mixamorig:Spine
BoneIndex: 6
BoneParentIndex: 5
BoneChildrenCount: 2
7
89
1.000000 0.000000 -0.000000 0.000000
0.000000 0.998192 -0.060111 0.000000
-0.000000 0.060111 0.998192 -0.000000
0.000000 0.078484 -0.039183 1.000000
1.000000 0.000000 -0.000000 0.000000
0.000000 0.998192 0.060111 0.000000
-0.000000 -0.060111 0.998192 -0.000000
0.000000 -0.952105 0.004611 1.000000
BoneName: mixamorig:Spine1
BoneIndex: 7
BoneParentIndex: 6
BoneChildrenCount: 1
8
1.000000 0.000000 -0.000000 0.000000
0.000000 0.980599 0.196024 0.000000
-0.000000 -0.196024 0.980599 -0.000000
-0.000000 0.114604 0.000000 1.000000
1.000000 0.000000 -0.000000 0.000000
0.000000 0.990609 -0.136725 0.000000
-0.000000 0.136725 0.990609 -0.000000
0.000000 -1.045109 0.213623 1.000000
BoneName: mixamorig:Spine2
BoneIndex: 8
BoneParentIndex: 7
BoneChildrenCount: 7
9
31
56
59
60
61
64
1.000000 0.000000 -0.000000 0.000000
0.000000 0.990609 -0.136725 0.000000
-0.000000 0.136725 0.990609 -0.000000
0.000000 0.131777 0.000000 1.000000
1.000000 0.000000 -0.000000 0.000000
0.000000 1.000000 0.000000 0.000000
-0.000000 -0.000000 1.000000 -0.000000
-0.000000 -1.195042 0.050706 1.000000
BoneName: mixamorig:Neck
BoneIndex: 9
BoneParentIndex: 8
BoneChildrenCount: 1
10
1.000000 0.000000 -0.000000 0.000000
0.000000 1.000000 -0.000000 0.000000
-0.000000 -0.000000 1.000000 -0.000000
0.000000 0.141369 0.052589 1.000000
1.000000 0.000000 -0.000000 0.000000
0.000000 1.000000 0.000000 0.000000
-0.000000 -0.000000 1.000000 -0.000000
-0.000000 -1.336411 -0.001883 1.000000
BoneName: mixamorig:Head
BoneIndex: 10
BoneParentIndex: 9
BoneChildrenCount: 20
11
12
13
14
15
16
17
18
19
20
21
22
23
24
25
26
27
28
29
30
1.000000 0.000000 -0.000000 0.000000
0.000000 1.000000 -0.000000 0.000000
-0.000000 -0.000000 1.000000 -0.000000
-0.000000 0.104307 0.008280 1.000000
1.000000 0.000000 -0.000000 0.000000
0.000000 1.000000 0.000000 0.000000
-0.000000 -0.000000 1.000000 -0.000000
0.000000 -1.440718 -0.010163 1.000000
BoneName: mixamorig:HeadTop_End
BoneIndex: 11
BoneParentIndex: 10
BoneChildrenCount: 0
1.000000 0.000000 -0.000000 0.000000
0.000000 1.000000 -0.000000 0.000000
-0.000000 -0.000000 1.000000 -0.000000
0.000000 0.217404 0.006048 1.000000
1.000000 0.000000 -0.000000 0.000000
0.000000 1.000000 0.000000 0.000000
-0.000000 -0.000000 1.000000 -0.000000
-0.000000 -1.658122 -0.016211 1.000000
BoneName: mixamorig:Visor1
BoneIndex: 12
BoneParentIndex: 10
BoneChildrenCount: 0
1.000000 0.000000 -0.000000 0.000000
0.000000 1.000000 -0.000000 0.000000
-0.000000 -0.000000 1.000000 -0.000000
-0.000033 0.256554 -0.165512 1.000000
1.000000 0.000000 -0.000000 0.000000
0.000000 1.000000 0.000000 0.000000
-0.000000 -0.000000 1.000000 -0.000000
0.000033 -1.697272 0.155349 1.000000
BoneName: mixamorig:HairMidA1
BoneIndex: 13
BoneParentIndex: 10
BoneChildrenCount: 0
1.000000 0.000000 -0.000000 0.000000
0.000000 1.000000 -0.000000 0.000000
-0.000000 -0.000000 1.000000 -0.000000
-0.000010 0.315695 -0.084381 1.000000
1.000000 0.000000 -0.000000 0.000000
0.000000 1.000000 0.000000 0.000000
-0.000000 -0.000000 1.000000 -0.000000
0.000010 -1.756413 0.074218 1.000000
BoneName: mixamorig:HairMidB1
BoneIndex: 14
BoneParentIndex: 10
BoneChildrenCount: 0
1.000000 0.000000 -0.000000 0.000000
0.000000 1.000000 -0.000000 0.000000
-0.000000 -0.000000 1.000000 -0.000000
0.000036 0.332934 0.083889 1.000000
1.000000 0.000000 -0.000000 0.000000
0.000000 1.000000 0.000000 0.000000
-0.000000 -0.000000 1.000000 -0.000000
-0.000036 -1.773652 -0.094052 1.000000
BoneName: mixamorig:HairMidC1
BoneIndex: 15
BoneParentIndex: 10
BoneChildrenCount: 0
1.000000 0.000000 -0.000000 0.000000
0.000000 1.000000 -0.000000 0.000000
-0.000000 -0.000000 1.000000 -0.000000
0.000062 0.279753 0.173743 1.000000
1.000000 0.000000 -0.000000 0.000000
0.000000 1.000000 0.000000 0.000000
-0.000000 -0.000000 1.000000 -0.000000
-0.000062 -1.720472 -0.183906 1.000000
BoneName: mixamorig:HairMidD1
BoneIndex: 16
BoneParentIndex: 10
BoneChildrenCount: 0
1.000000 0.000000 -0.000000 0.000000
0.000000 1.000000 -0.000000 0.000000
-0.000000 -0.000000 1.000000 -0.000000
0.000073 0.178722 0.211687 1.000000
1.000000 0.000000 -0.000000 0.000000
0.000000 1.000000 0.000000 0.000000
-0.000000 -0.000000 1.000000 -0.000000
-0.000073 -1.619441 -0.221850 1.000000
BoneName: mixamorig:HairMidE1
BoneIndex: 17
BoneParentIndex: 10
BoneChildrenCount: 0
1.000000 0.000000 -0.000000 0.000000
0.000000 1.000000 -0.000000 0.000000
-0.000000 -0.000000 1.000000 -0.000000
0.048653 0.034988 0.143690 1.000000
1.000000 0.000000 -0.000000 0.000000
0.000000 1.000000 0.000000 0.000000
-0.000000 -0.000000 1.000000 -0.000000
-0.048653 -1.475706 -0.153853 1.000000
BoneName: mixamorig:HairMidF1
BoneIndex: 18
BoneParentIndex: 10
BoneChildrenCount: 0
1.000000 0.000000 -0.000000 0.000000
0.000000 1.000000 -0.000000 0.000000
-0.000000 -0.000000 1.000000 -0.000000
-0.048545 0.034988 0.143717 1.000000
1.000000 0.000000 -0.000000 0.000000
0.000000 1.000000 0.000000 0.000000
-0.000000 -0.000000 1.000000 -0.000000
0.048545 -1.475706 -0.153880 1.000000
BoneName: mixamorig:HairLeftA1
BoneIndex: 19
BoneParentIndex: 10
BoneChildrenCount: 0
1.000000 0.000000 -0.000000 0.000000
0.000000 1.000000 -0.000000 0.000000
-0.000000 -0.000000 1.000000 -0.000000
0.148595 0.257307 -0.026241 1.000000
1.000000 0.000000 -0.000000 0.000000
0.000000 1.000000 0.000000 0.000000
-0.000000 -0.000000 1.000000 -0.000000
-0.148595 -1.698025 0.016078 1.000000
BoneName: mixamorig:HairLeftB1
BoneIndex: 20
BoneParentIndex: 10
BoneChildrenCount: 0
1.000000 0.000000 -0.000000 0.000000
0.000000 1.000000 -0.000000 0.000000
-0.000000 -0.000000 1.000000 -0.000000
0.121591 0.292735 0.087307 1.000000
1.000000 0.000000 -0.000000 0.000000
0.000000 1.000000 0.000000 0.000000
-0.000000 -0.000000 1.000000 -0.000000
-0.121591 -1.733454 -0.097470 1.000000
BoneName: mixamorig:HairLeftC1
BoneIndex: 21
BoneParentIndex: 10
BoneChildrenCount: 0
1.000000 0.000000 -0.000000 0.000000
0.000000 1.000000 -0.000000 0.000000
-0.000000 -0.000000 1.000000 -0.000000
0.152545 0.159441 -0.029106 1.000000
1.000000 0.000000 -0.000000 0.000000
0.000000 1.000000 0.000000 0.000000
-0.000000 -0.000000 1.000000 -0.000000
-0.152545 -1.600159 0.018943 1.000000
BoneName: mixamorig:HairLeftD1
BoneIndex: 22
BoneParentIndex: 10
BoneChildrenCount: 0
1.000000 0.000000 -0.000000 0.000000
0.000000 1.000000 -0.000000 0.000000
-0.000000 -0.000000 1.000000 -0.000000
0.156413 0.184215 0.075524 1.000000
1.000000 0.000000 -0.000000 0.000000
0.000000 1.000000 0.000000 0.000000
-0.000000 -0.000000 1.000000 -0.000000
-0.156413 -1.624934 -0.085687 1.000000
BoneName: mixamorig:HairLeftE1
BoneIndex: 23
BoneParentIndex: 10
BoneChildrenCount: 0
1.000000 0.000000 -0.000000 0.000000
0.000000 1.000000 -0.000000 0.000000
-0.000000 -0.000000 1.000000 -0.000000
0.092715 0.178992 0.183161 1.000000
1.000000 0.000000 -0.000000 0.000000
0.000000 1.000000 0.000000 0.000000
-0.000000 -0.000000 1.000000 -0.000000
-0.092715 -1.619710 -0.193324 1.000000
BoneName: mixamorig:HairLeftF1
BoneIndex: 24
BoneParentIndex: 10
BoneChildrenCount: 0
1.000000 0.000000 -0.000000 0.000000
0.000000 1.000000 -0.000000 0.000000
-0.000000 -0.000000 1.000000 -0.000000
0.107439 0.049378 0.096674 1.000000
1.000000 0.000000 -0.000000 0.000000
0.000000 1.000000 0.000000 0.000000
-0.000000 -0.000000 1.000000 -0.000000
-0.107439 -1.490096 -0.106837 1.000000
BoneName: mixamorig:HairRightA1
BoneIndex: 25
BoneParentIndex: 10
BoneChildrenCount: 0
1.000000 0.000000 -0.000000 0.000000
0.000000 1.000000 -0.000000 0.000000
-0.000000 -0.000000 1.000000 -0.000000
-0.148582 0.257305 -0.026158 1.000000
1.000000 0.000000 -0.000000 0.000000
0.000000 1.000000 0.000000 0.000000
-0.000000 -0.000000 1.000000 -0.000000
0.148582 -1.698023 0.015996 1.000000
BoneName: mixamorig:HairRightB1
BoneIndex: 26
BoneParentIndex: 10
BoneChildrenCount: 0
1.000000 0.000000 -0.000000 0.000000
0.000000 1.000000 -0.000000 0.000000
-0.000000 -0.000000 1.000000 -0.000000
-0.121516 0.292734 0.087375 1.000000
1.000000 0.000000 -0.000000 0.000000
0.000000 1.000000 0.000000 0.000000
-0.000000 -0.000000 1.000000 -0.000000
0.121516 -1.733452 -0.097538 1.000000
BoneName: mixamorig:HairRightC1
BoneIndex: 27
BoneParentIndex: 10
BoneChildrenCount: 0
1.000000 0.000000 -0.000000 0.000000
0.000000 1.000000 -0.000000 0.000000
-0.000000 -0.000000 1.000000 -0.000000
-0.152533 0.159439 -0.029021 1.000000
1.000000 0.000000 -0.000000 0.000000
0.000000 1.000000 0.000000 0.000000
-0.000000 -0.000000 1.000000 -0.000000
0.152533 -1.600157 0.018858 1.000000
BoneName: mixamorig:HairRightD1
BoneIndex: 28
BoneParentIndex: 10
BoneChildrenCount: 0
1.000000 0.000000 -0.000000 0.000000
0.000000 1.000000 -0.000000 0.000000
-0.000000 -0.000000 1.000000 -0.000000
-0.156343 0.184213 0.075611 1.000000
1.000000 0.000000 -0.000000 0.000000
0.000000 1.000000 0.000000 0.000000
-0.000000 -0.000000 1.000000 -0.000000
0.156343 -1.624932 -0.085774 1.000000
BoneName: mixamorig:HairRightE1
BoneIndex: 29
BoneParentIndex: 10
BoneChildrenCount: 0
1.000000 0.000000 -0.000000 0.000000
0.000000 1.000000 -0.000000 0.000000
-0.000000 -0.000000 1.000000 -0.000000
-0.092586 0.178991 0.183212 1.000000
1.000000 0.000000 -0.000000 0.000000
0.000000 1.000000 0.000000 0.000000
-0.000000 -0.000000 1.000000 -0.000000
0.092586 -1.619709 -0.193375 1.000000
BoneName: mixamorig:HairRightF1
BoneIndex: 30
BoneParentIndex: 10
BoneChildrenCount: 0
1.000000 0.000000 -0.000000 0.000000
0.000000 1.000000 -0.000000 0.000000
-0.000000 -0.000000 1.000000 -0.000000
-0.107356 0.049377 0.096734 1.000000
1.000000 0.000000 -0.000000 0.000000
0.000000 1.000000 0.000000 0.000000
-0.000000 -0.000000 1.000000 -0.000000
0.107356 -1.490095 -0.106897 1.000000
BoneName: mixamorig:LeftShoulder
BoneIndex: 31
BoneParentIndex: 8
BoneChildrenCount: 1
32
-0.256632 -0.029825 0.966049 0.000000
0.959590 0.111522 0.258359 0.000000
-0.115441 0.993314 0.000000 -0.000000
0.047652 0.073239 0.019729 1.000000
-0.256632 0.959590 -0.115441 0.000000
-0.029825 0.111522 0.993314 0.000000
0.966049 0.258359 -0.000000 -0.000000
0.079982 -0.179164 -1.254300 1.000000
BoneName: mixamorig:LeftArm
BoneIndex: 32
BoneParentIndex: 31
BoneChildrenCount: 1
33
0.966049 0.258359 -0.000000 0.000000
-0.256632 0.959590 -0.115441 0.000000
-0.029825 0.111522 0.993314 -0.000000
0.000000 0.084242 -0.000000 1.000000
0.000000 1.000000 0.000000 0.000000
-0.000000 -0.000000 1.000000 0.000000
1.000000 -0.000000 -0.000000 -0.000000
0.009213 -0.128489 -1.277676 1.000000
BoneName: mixamorig:LeftForeArm
BoneIndex: 33
BoneParentIndex: 32
BoneChildrenCount: 2
34
55
1.000000 0.000000 -0.000000 0.000000
0.000000 1.000000 -0.000000 0.000000
-0.000000 -0.000000 1.000000 -0.000000
-0.000000 0.312922 0.000000 1.000000
0.000000 1.000000 0.000000 0.000000
-0.000000 -0.000000 1.000000 0.000000
1.000000 -0.000000 -0.000000 -0.000000
0.009213 -0.441411 -1.277676 1.000000
BoneName: mixamorig:LeftHand
BoneIndex: 34
BoneParentIndex: 33
BoneChildrenCount: 5
35
39
43
47
51
1.000000 0.000000 -0.000000 0.000000
0.000000 1.000000 -0.000000 0.000000
-0.000000 -0.000000 1.000000 -0.000000
0.000000 0.317237 0.000000 1.000000
0.000000 1.000000 0.000000 0.000000
-0.000000 -0.000000 1.000000 0.000000
1.000000 -0.000000 -0.000000 -0.000000
0.009213 -0.758647 -1.277676 1.000000
BoneName: mixamorig:LeftHandThumb1
BoneIndex: 35
BoneParentIndex: 34
BoneChildrenCount: 1
36
0.859299 0.510972 0.022672 0.000000
-0.448858 0.774611 -0.445537 0.000000
-0.245219 0.372673 0.894976 -0.000000
-0.044165 0.029026 -0.025604 1.000000
0.510972 0.774611 0.372673 0.000000
0.022672 -0.445537 0.894976 0.000000
0.859299 -0.448858 -0.245219 -0.000000
-0.384998 -0.076255 -1.427208 1.000000
BoneName: mixamorig:LeftHandThumb2
BoneIndex: 36
BoneParentIndex: 35
BoneChildrenCount: 1
37
1.000000 0.000000 -0.000000 0.000000
0.000000 1.000000 -0.000000 0.000000
-0.000000 -0.000000 1.000000 -0.000000
0.000000 0.030207 0.000000 1.000000
0.510972 0.774611 0.372673 0.000000
0.022672 -0.445537 0.894976 0.000000
0.859299 -0.448858 -0.245219 -0.000000
-0.384998 -0.106462 -1.427208 1.000000
BoneName: mixamorig:LeftHandThumb3
BoneIndex: 37
BoneParentIndex: 36
BoneChildrenCount: 1
38
1.000000 0.000000 -0.000000 0.000000
0.000000 1.000000 -0.000000 0.000000
-0.000000 -0.000000 1.000000 -0.000000
0.000000 0.028657 0.000000 1.000000
0.510972 0.774611 0.372673 0.000000
0.022672 -0.445537 0.894976 0.000000
0.859299 -0.448858 -0.245219 -0.000000
-0.384998 -0.135119 -1.427208 1.000000
BoneName: mixamorig:LeftHandThumb4
BoneIndex: 38
BoneParentIndex: 37
BoneChildrenCount: 0
1.000000 0.000000 -0.000000 0.000000
0.000000 1.000000 -0.000000 0.000000
-0.000000 -0.000000 1.000000 -0.000000
0.000000 0.029508 0.000000 1.000000
0.510972 0.774611 0.372673 0.000000
0.022672 -0.445537 0.894976 0.000000
0.859299 -0.448858 -0.245219 -0.000000
-0.384998 -0.164627 -1.427208 1.000000
BoneName: mixamorig:LeftHandIndex1
BoneIndex: 39
BoneParentIndex: 34
BoneChildrenCount: 1
40
1.000000 0.000009 -0.000000 0.000000
-0.000009 1.000000 -0.000000 0.000000
-0.000000 -0.000000 1.000000 -0.000000
-0.031199 0.085851 -0.006446 1.000000
0.000009 1.000000 0.000000 0.000000
0.000000 -0.000000 1.000000 0.000000
1.000000 -0.000009 -0.000000 -0.000000
0.040404 -0.844499 -1.271230 1.000000
BoneName: mixamorig:LeftHandIndex2
BoneIndex: 40
BoneParentIndex: 39
BoneChildrenCount: 1
41
1.000000 0.000000 -0.000000 0.000000
0.000000 1.000000 -0.000000 0.000000
-0.000000 -0.000000 1.000000 -0.000000
0.000000 0.033485 -0.000000 1.000000
0.000014 1.000000 -0.000002 0.000000
0.000000 0.000002 1.000000 0.000000
1.000000 -0.000014 -0.000000 -0.000000
0.040399 -0.877987 -1.271228 1.000000
BoneName: mixamorig:LeftHandIndex3
BoneIndex: 41
BoneParentIndex: 40
BoneChildrenCount: 1
42
1.000000 -0.000014 -0.000000 0.000000
0.000014 1.000000 -0.000002 0.000000
0.000000 0.000002 1.000000 -0.000000
0.000000 0.033145 0.000000 1.000000
0.000000 1.000000 0.000000 0.000000
-0.000000 -0.000000 1.000000 0.000000
1.000000 -0.000000 -0.000000 -0.000000
0.040412 -0.911129 -1.271230 1.000000
BoneName: mixamorig:LeftHandIndex4
BoneIndex: 42
BoneParentIndex: 41
BoneChildrenCount: 0
1.000000 0.000000 -0.000000 0.000000
0.000000 1.000000 -0.000000 0.000000
-0.000000 -0.000000 1.000000 -0.000000
0.000000 0.029379 -0.000000 1.000000
0.000000 1.000000 0.000000 0.000000
-0.000000 -0.000000 1.000000 0.000000
1.000000 -0.000000 -0.000000 -0.000000
0.040412 -0.940507 -1.271230 1.000000
BoneName: mixamorig:LeftHandMiddle1
BoneIndex: 43
BoneParentIndex: 34
BoneChildrenCount: 1
44
1.000000 0.000007 -0.000000 0.000000
-0.000007 1.000000 -0.000004 0.000000
-0.000000 0.000004 1.000000 -0.000000
0.000001 0.081407 -0.000026 1.000000
0.000007 1.000000 0.000004 0.000000
0.000000 -0.000004 1.000000 0.000000
1.000000 -0.000007 -0.000000 -0.000000
0.009206 -0.840049 -1.277653 1.000000
BoneName: mixamorig:LeftHandMiddle2
BoneIndex: 44
BoneParentIndex: 43
BoneChildrenCount: 1
45
1.000000 0.000004 -0.000000 0.000000
-0.000004 1.000000 0.000021 0.000000
0.000000 -0.000021 1.000000 -0.000000
0.000000 0.041663 0.000000 1.000000
0.000011 1.000000 -0.000018 0.000000
0.000000 0.000018 1.000000 0.000000
1.000000 -0.000011 0.000000 -0.000000
0.009203 -0.881740 -1.277634 1.000000
BoneName: mixamorig:LeftHandMiddle3
BoneIndex: 45
BoneParentIndex: 44
BoneChildrenCount: 1
46
1.000000 -0.000011 -0.000000 0.000000
0.000011 1.000000 -0.000018 0.000000
0.000000 0.000018 1.000000 -0.000000
0.000000 0.030181 0.000000 1.000000
0.000000 1.000000 0.000000 0.000000
0.000000 -0.000000 1.000000 0.000000
1.000000 -0.000000 -0.000000 -0.000000
0.009213 -0.911898 -1.277650 1.000000
BoneName: mixamorig:LeftHandMiddle4
BoneIndex: 46
BoneParentIndex: 45
BoneChildrenCount: 0
1.000000 0.000000 -0.000000 0.000000
0.000000 1.000000 -0.000000 0.000000
-0.000000 -0.000000 1.000000 -0.000000
0.000000 0.040937 -0.000000 1.000000
0.000000 1.000000 0.000000 0.000000
0.000000 -0.000000 1.000000 0.000000
1.000000 -0.000000 -0.000000 -0.000000
0.009213 -0.952835 -1.277650 1.000000
BoneName: mixamorig:LeftHandRing1
BoneIndex: 47
BoneParentIndex: 34
BoneChildrenCount: 1
48
1.000000 0.000001 -0.000000 0.000000
-0.000001 1.000000 0.000006 0.000000
0.000000 -0.000006 1.000000 -0.000000
0.028842 0.085878 -0.000340 1.000000
0.000001 1.000000 -0.000006 0.000000
0.000000 0.000006 1.000000 0.000000
1.000000 -0.000001 0.000000 -0.000000
-0.019630 -0.844533 -1.277330 1.000000
BoneName: mixamorig:LeftHandRing2
BoneIndex: 48
BoneParentIndex: 47
BoneChildrenCount: 1
49
1.000000 0.000007 -0.000000 0.000000
-0.000007 1.000000 -0.000001 0.000000
-0.000000 0.000001 1.000000 -0.000000
0.000000 0.036712 -0.000000 1.000000
0.000007 1.000000 -0.000006 0.000000
0.000000 0.000006 1.000000 0.000000
1.000000 -0.000007 -0.000000 -0.000000
-0.019636 -0.881244 -1.277331 1.000000
BoneName: mixamorig:LeftHandRing3
BoneIndex: 49
BoneParentIndex: 48
BoneChildrenCount: 1
50
1.000000 -0.000007 -0.000000 0.000000
0.000007 1.000000 -0.000006 0.000000
0.000000 0.000006 1.000000 -0.000000
0.000000 0.027288 0.000000 1.000000
0.000000 1.000000 0.000000 0.000000
0.000000 -0.000000 1.000000 0.000000
1.000000 -0.000000 -0.000000 -0.000000
-0.019629 -0.908525 -1.277336 1.000000
BoneName: mixamorig:LeftHandRing4
BoneIndex: 50
BoneParentIndex: 49
BoneChildrenCount: 0
1.000000 0.000000 -0.000000 0.000000
0.000000 1.000000 -0.000000 0.000000
-0.000000 -0.000000 1.000000 -0.000000
0.000000 0.036224 -0.000000 1.000000
0.000000 1.000000 0.000000 0.000000
0.000000 -0.000000 1.000000 0.000000
1.000000 -0.000000 -0.000000 -0.000000
-0.019629 -0.944749 -1.277336 1.000000
BoneName: mixamorig:LeftHandPinky1
BoneIndex: 51
BoneParentIndex: 34
BoneChildrenCount: 1
52
1.000000 0.000000 -0.000000 0.000000
0.000000 1.000000 -0.000000 0.000000
-0.000000 -0.000000 1.000000 -0.000000
0.052131 0.078706 -0.006778 1.000000
0.000002 1.000000 0.000000 0.000000
0.000000 -0.000000 1.000000 0.000000
1.000000 -0.000002 -0.000000 -0.000000
-0.042920 -0.837353 -1.270897 1.000000
BoneName: mixamorig:LeftHandPinky2
BoneIndex: 52
BoneParentIndex: 51
BoneChildrenCount: 1
53
1.000000 0.000015 -0.000000 0.000000
-0.000015 1.000000 0.000010 0.000000
0.000000 -0.000010 1.000000 -0.000000
0.000000 0.030685 -0.000000 1.000000
0.000018 1.000000 -0.000010 0.000000
0.000000 0.000010 1.000000 0.000000
1.000000 -0.000018 0.000000 -0.000000
-0.042934 -0.868050 -1.270889 1.000000
BoneName: mixamorig:LeftHandPinky3
BoneIndex: 53
BoneParentIndex: 52
BoneChildrenCount: 1
54
1.000000 -0.000018 -0.000000 0.000000
0.000018 1.000000 -0.000010 0.000000
0.000000 0.000010 1.000000 -0.000000
0.000000 0.023960 0.000000 1.000000
0.000000 1.000000 0.000000 0.000000
-0.000000 -0.000000 1.000000 0.000000
1.000000 -0.000000 -0.000000 -0.000000
-0.042918 -0.891999 -1.270897 1.000000
BoneName: mixamorig:LeftHandPinky4
BoneIndex: 54
BoneParentIndex: 53
BoneChildrenCount: 0
1.000000 0.000000 -0.000000 0.000000
0.000000 1.000000 -0.000000 0.000000
-0.000000 -0.000000 1.000000 -0.000000
0.000000 0.028490 -0.000000 1.000000
0.000000 1.000000 0.000000 0.000000
-0.000000 -0.000000 1.000000 0.000000
1.000000 -0.000000 -0.000000 -0.000000
-0.042918 -0.920489 -1.270897 1.000000
BoneName: mixamorig:Left_Sleeve
BoneIndex: 55
BoneParentIndex: 33
BoneChildrenCount: 0
1.000000 0.000000 -0.000000 0.000000
0.000000 1.000000 -0.000000 0.000000
-0.000000 -0.000000 1.000000 -0.000000
-0.000000 0.196532 -0.000000 1.000000
0.000000 1.000000 0.000000 0.000000
-0.000000 -0.000000 1.000000 0.000000
1.000000 -0.000000 -0.000000 -0.000000
0.009213 -0.637943 -1.277676 1.000000
BoneName: mixamorig:Whistle0
BoneIndex: 56
BoneParentIndex: 8
BoneChildrenCount: 1
57
1.000000 -0.000321 -0.000000 0.000000
-0.000208 -0.647176 -0.762341 0.000000
0.000245 0.762341 -0.647176 -0.000000
-0.000001 0.114539 0.000099 1.000000
1.000000 -0.000208 0.000245 0.000000
-0.000321 -0.647176 0.762341 0.000000
0.000000 -0.762341 -0.647176 -0.000000
0.000422 0.808950 -1.031098 1.000000
BoneName: mixamorig:Whistle1
BoneIndex: 57
BoneParentIndex: 56
BoneChildrenCount: 1
58
1.000000 -0.000109 0.000128 0.000000
0.000146 0.940811 -0.338932 0.000000
-0.000084 0.338932 0.940811 -0.000000
-0.000000 0.098116 0.000000 1.000000
1.000000 -0.000133 0.000076 0.000000
-0.000153 -0.867252 0.497870 0.000000
0.000000 -0.497870 -0.867252 -0.000000
0.000213 1.018232 -0.729145 1.000000
BoneName: mixamorig:Whistle2
BoneIndex: 58
BoneParentIndex: 57
BoneChildrenCount: 0
1.000000 0.000000 -0.000000 0.000000
0.000000 1.000000 -0.000000 0.000000
-0.000000 -0.000000 1.000000 -0.000000
-0.000000 0.094755 -0.000000 1.000000
1.000000 -0.000133 0.000076 0.000000
-0.000153 -0.867252 0.497870 0.000000
0.000000 -0.497870 -0.867252 -0.000000
0.000213 0.923477 -0.729145 1.000000
BoneName: mixamorig:Right_Breast1
BoneIndex: 59
BoneParentIndex: 8
BoneChildrenCount: 0
1.000000 0.000000 -0.000000 0.000000
0.000000 1.000000 -0.000000 0.000000
-0.000000 -0.000000 1.000000 -0.000000
-0.053159 0.031027 -0.030806 1.000000
1.000000 0.000000 -0.000000 0.000000
0.000000 1.000000 0.000000 0.000000
-0.000000 -0.000000 1.000000 -0.000000
0.053159 -1.226069 0.081512 1.000000
BoneName: mixamorig:Left_Breast1
BoneIndex: 60
BoneParentIndex: 8
BoneChildrenCount: 0
1.000000 0.000000 -0.000000 0.000000
0.000000 1.000000 -0.000000 0.000000
-0.000000 -0.000000 1.000000 -0.000000
0.053142 0.031028 -0.030835 1.000000
1.000000 0.000000 -0.000000 0.000000
0.000000 1.000000 0.000000 0.000000
-0.000000 -0.000000 1.000000 -0.000000
-0.053142 -1.226070 0.081542 1.000000
BoneName: mixamorig:Hood0
BoneIndex: 61
BoneParentIndex: 8
BoneChildrenCount: 1
62
-1.000000 -0.000301 -0.000000 0.000000
0.000206 -0.685725 0.727861 0.000000
-0.000219 0.727861 0.685725 -0.000000
0.000014 0.144305 0.054232 1.000000
-1.000000 0.000206 -0.000219 0.000000
-0.000301 -0.685725 0.727861 0.000000
0.000000 0.727861 0.685725 -0.000000
0.000417 0.915857 -0.977275 1.000000
BoneName: mixamorig:Hood1
BoneIndex: 62
BoneParentIndex: 61
BoneChildrenCount: 1
63
1.000000 -0.000220 0.000233 0.000000
0.000319 0.616846 -0.787084 0.000000
0.000029 0.787084 0.616846 -0.000000
0.000000 0.080992 -0.000000 1.000000
-1.000000 -0.000019 -0.000002 0.000000
0.000019 -0.995874 -0.090745 0.000000
-0.000000 -0.090745 0.995874 -0.000000
0.000006 1.284181 0.054280 1.000000
BoneName: mixamorig:Hood2
BoneIndex: 63
BoneParentIndex: 62
BoneChildrenCount: 0
1.000000 0.000000 -0.000000 0.000000
0.000000 1.000000 -0.000000 0.000000
-0.000000 -0.000000 1.000000 -0.000000
-0.000000 0.084152 0.000000 1.000000
-1.000000 -0.000019 -0.000002 0.000000
0.000019 -0.995874 -0.090745 0.000000
-0.000000 -0.090745 0.995874 -0.000000
0.000006 1.200029 0.054280 1.000000
BoneName: mixamorig:RightShoulder
BoneIndex: 64
BoneParentIndex: 8
BoneChildrenCount: 1
65
-0.256630 0.029842 -0.966049 0.000000
-0.959583 0.111583 0.258359 0.000000
0.115505 0.993307 -0.000000 -0.000000
-0.047652 0.073238 0.019729 1.000000
-0.256630 -0.959583 0.115505 0.000000
0.029842 0.111583 0.993307 0.000000
-0.966049 0.258359 -0.000000 -0.000000
-0.080002 -0.179241 -1.254287 1.000000
BoneName: mixamorig:RightArm
BoneIndex: 65
BoneParentIndex: 64
BoneChildrenCount: 1
66
0.966049 -0.258359 -0.000000 0.000000
0.256630 0.959583 -0.115505 0.000000
0.029842 0.111583 0.993307 -0.000000
-0.000000 0.084242 -0.000000 1.000000
0.000000 -1.000000 -0.000000 0.000000
0.000000 -0.000000 1.000000 0.000000
-1.000000 -0.000000 -0.000000 -0.000000
-0.009213 -0.128489 -1.277680 1.000000
BoneName: mixamorig:RightForeArm
BoneIndex: 66
BoneParentIndex: 65
BoneChildrenCount: 2
67
88
1.000000 0.000000 -0.000000 0.000000
0.000000 1.000000 -0.000000 0.000000
-0.000000 -0.000000 1.000000 -0.000000
0.000000 0.312922 -0.000000 1.000000
0.000000 -1.000000 -0.000000 0.000000
0.000000 -0.000000 1.000000 0.000000
-1.000000 -0.000000 -0.000000 -0.000000
-0.009213 -0.441411 -1.277680 1.000000
BoneName: mixamorig:RightHand
BoneIndex: 67
BoneParentIndex: 66
BoneChildrenCount: 5
68
72
76
80
84
1.000000 0.000000 -0.000000 0.000000
0.000000 1.000000 -0.000000 0.000000
-0.000000 -0.000000 1.000000 -0.000000
-0.000000 0.317236 0.000000 1.000000
0.000000 -1.000000 -0.000000 0.000000
0.000000 -0.000000 1.000000 0.000000
-1.000000 -0.000000 -0.000000 -0.000000
-0.009213 -0.758647 -1.277680 1.000000
BoneName: mixamorig:RightHandThumb1
BoneIndex: 68
BoneParentIndex: 67
BoneChildrenCount: 1
69
0.860760 -0.508718 -0.017265 0.000000
0.448851 0.774585 -0.445590 0.000000
0.240053 0.375797 0.895071 -0.000000
0.044165 0.029027 -0.025610 1.000000
0.508718 -0.774585 -0.375797 0.000000
-0.017265 -0.445590 0.895071 0.000000
-0.860760 -0.448851 -0.240053 -0.000000
0.376376 -0.076169 -1.429510 1.000000
BoneName: mixamorig:RightHandThumb2
BoneIndex: 69
BoneParentIndex: 68
BoneChildrenCount: 1
70
1.000000 0.000010 0.000000 0.000000
-0.000010 1.000000 0.000301 0.000000
-0.000000 -0.000301 1.000000 -0.000000
0.000000 0.030207 -0.000000 1.000000
0.508711 -0.774704 -0.375563 0.000000
-0.017269 -0.445320 0.895205 0.000000
-0.860764 -0.448915 -0.239918 -0.000000
0.376374 -0.106811 -1.429478 1.000000
BoneName: mixamorig:RightHandThumb3
BoneIndex: 70
BoneParentIndex: 69
BoneChildrenCount: 1
71
1.000000 0.000007 0.000000 0.000000
-0.000007 1.000000 -0.000326 0.000000
-0.000000 0.000326 1.000000 -0.000000
0.000000 0.028654 0.000000 1.000000
0.508705 -0.774585 -0.375816 0.000000
-0.017272 -0.445612 0.895060 0.000000
-0.860767 -0.448831 -0.240064 -0.000000
0.376373 -0.135002 -1.429522 1.000000
BoneName: mixamorig:RightHandThumb4
BoneIndex: 71
BoneParentIndex: 70
BoneChildrenCount: 0
1.000000 0.000000 -0.000000 0.000000
0.000000 1.000000 -0.000000 0.000000
-0.000000 -0.000000 1.000000 -0.000000
-0.000000 0.029510 -0.000000 1.000000
0.508705 -0.774585 -0.375816 0.000000
-0.017272 -0.445612 0.895060 0.000000
-0.860767 -0.448831 -0.240064 -0.000000
0.376373 -0.164512 -1.429522 1.000000
BoneName: mixamorig:RightHandIndex1
BoneIndex: 72
BoneParentIndex: 67
BoneChildrenCount: 1
73
1.000000 -0.000009 -0.000000 0.000000
0.000009 1.000000 -0.000000 0.000000
-0.000000 -0.000000 1.000000 -0.000000
0.031199 0.085851 -0.006450 1.000000
0.000009 -1.000000 -0.000000 0.000000
0.000000 -0.000000 1.000000 0.000000
-1.000000 -0.000009 0.000000 -0.000000
-0.040404 -0.844498 -1.271230 1.000000
BoneName: mixamorig:RightHandIndex2
BoneIndex: 73
BoneParentIndex: 72
BoneChildrenCount: 1
74
1.000000 -0.000006 -0.000000 0.000000
0.000006 1.000000 -0.000000 0.000000
-0.000000 -0.000000 1.000000 -0.000000
0.000000 0.033486 0.000000 1.000000
0.000015 -1.000000 -0.000000 0.000000
0.000000 -0.000000 1.000000 0.000000
-1.000000 -0.000015 0.000000 -0.000000
-0.040398 -0.877985 -1.271230 1.000000
BoneName: mixamorig:RightHandIndex3
BoneIndex: 74
BoneParentIndex: 73
BoneChildrenCount: 1
75
1.000000 0.000015 -0.000000 0.000000
-0.000015 1.000000 -0.000000 0.000000
-0.000000 -0.000000 1.000000 -0.000000
0.000000 0.033145 -0.000000 1.000000
0.000000 -1.000000 -0.000000 0.000000
-0.000000 -0.000000 1.000000 0.000000
-1.000000 -0.000000 -0.000000 -0.000000
-0.040412 -0.911129 -1.271230 1.000000
BoneName: mixamorig:RightHandIndex4
BoneIndex: 75
BoneParentIndex: 74
BoneChildrenCount: 0
1.000000 0.000000 -0.000000 0.000000
0.000000 1.000000 -0.000000 0.000000
-0.000000 -0.000000 1.000000 -0.000000
0.000000 0.029379 -0.000000 1.000000
0.000000 -1.000000 -0.000000 0.000000
-0.000000 -0.000000 1.000000 0.000000
-1.000000 -0.000000 -0.000000 -0.000000
-0.040412 -0.940508 -1.271230 1.000000
BoneName: mixamorig:RightHandMiddle1
BoneIndex: 76
BoneParentIndex: 67
BoneChildrenCount: 1
77
1.000000 -0.000007 -0.000000 0.000000
0.000007 1.000000 -0.000000 0.000000
-0.000000 -0.000000 1.000000 -0.000000
-0.000001 0.081407 -0.000030 1.000000
0.000007 -1.000000 -0.000000 0.000000
0.000000 -0.000000 1.000000 0.000000
-1.000000 -0.000007 0.000000 -0.000000
-0.009206 -0.840054 -1.277650 1.000000
BoneName: mixamorig:RightHandMiddle2
BoneIndex: 77
BoneParentIndex: 76
BoneChildrenCount: 1
78
1.000000 0.000000 -0.000000 0.000000
0.000000 1.000000 -0.000000 0.000000
-0.000000 -0.000000 1.000000 -0.000000
0.000000 0.041663 -0.000000 1.000000
0.000011 -1.000000 -0.000000 0.000000
0.000000 -0.000000 1.000000 0.000000
-1.000000 -0.000011 0.000000 -0.000000
-0.009203 -0.881717 -1.277650 1.000000
BoneName: mixamorig:RightHandMiddle3
BoneIndex: 78
BoneParentIndex: 77
BoneChildrenCount: 1
79
1.000000 0.000011 -0.000000 0.000000
-0.000011 1.000000 -0.000000 0.000000
-0.000000 -0.000000 1.000000 -0.000000
0.000000 0.030181 0.000000 1.000000
0.000000 -1.000000 -0.000000 0.000000
0.000000 -0.000000 1.000000 0.000000
-1.000000 -0.000000 -0.000000 -0.000000
-0.009213 -0.911898 -1.277650 1.000000
BoneName: mixamorig:RightHandMiddle4
BoneIndex: 79
BoneParentIndex: 78
BoneChildrenCount: 0
1.000000 0.000000 -0.000000 0.000000
0.000000 1.000000 -0.000000 0.000000
-0.000000 -0.000000 1.000000 -0.000000
0.000000 0.040937 -0.000000 1.000000
0.000000 -1.000000 -0.000000 0.000000
0.000000 -0.000000 1.000000 0.000000
-1.000000 -0.000000 -0.000000 -0.000000
-0.009213 -0.952835 -1.277650 1.000000
BoneName: mixamorig:RightHandRing1
BoneIndex: 80
BoneParentIndex: 67
BoneChildrenCount: 1
81
1.000000 0.000000 -0.000000 0.000000
0.000000 1.000000 -0.000000 0.000000
-0.000000 -0.000000 1.000000 -0.000000
-0.028842 0.085878 -0.000340 1.000000
0.000003 -1.000000 -0.000000 0.000000
0.000000 -0.000000 1.000000 0.000000
-1.000000 -0.000003 0.000000 -0.000000
0.019632 -0.844525 -1.277340 1.000000
BoneName: mixamorig:RightHandRing2
BoneIndex: 81
BoneParentIndex: 80
BoneChildrenCount: 1
82
1.000000 0.000000 -0.000000 0.000000
0.000000 1.000000 -0.000000 0.000000
-0.000000 -0.000000 1.000000 -0.000000
0.000000 0.036712 -0.000000 1.000000
0.000007 -1.000000 -0.000000 0.000000
0.000000 -0.000000 1.000000 0.000000
-1.000000 -0.000007 0.000000 -0.000000
0.019636 -0.881237 -1.277340 1.000000
BoneName: mixamorig:RightHandRing3
BoneIndex: 82
BoneParentIndex: 81
BoneChildrenCount: 1
83
1.000000 0.000007 -0.000000 0.000000
-0.000007 1.000000 -0.000000 0.000000
-0.000000 -0.000000 1.000000 -0.000000
0.000000 0.027288 -0.000000 1.000000
0.000000 -1.000000 -0.000000 0.000000
0.000000 -0.000000 1.000000 0.000000
-1.000000 -0.000000 -0.000000 -0.000000
0.019629 -0.908525 -1.277340 1.000000
BoneName: mixamorig:RightHandRing4
BoneIndex: 83
BoneParentIndex: 82
BoneChildrenCount: 0
1.000000 0.000000 -0.000000 0.000000
0.000000 1.000000 -0.000000 0.000000
-0.000000 -0.000000 1.000000 -0.000000
0.000000 0.036224 -0.000000 1.000000
0.000000 -1.000000 -0.000000 0.000000
0.000000 -0.000000 1.000000 0.000000
-1.000000 -0.000000 -0.000000 -0.000000
0.019629 -0.944749 -1.277340 1.000000
BoneName: mixamorig:RightHandPinky1
BoneIndex: 84
BoneParentIndex: 67
BoneChildrenCount: 1
85
1.000000 0.000000 -0.000000 0.000000
0.000000 1.000000 -0.000000 0.000000
-0.000000 -0.000000 1.000000 -0.000000
-0.052131 0.078707 -0.006780 1.000000
0.000000 -1.000000 -0.000000 0.000000
0.000000 -0.000000 1.000000 0.000000
-1.000000 -0.000000 -0.000000 -0.000000
0.042918 -0.837354 -1.270900 1.000000
BoneName: mixamorig:RightHandPinky2
BoneIndex: 85
BoneParentIndex: 84
BoneChildrenCount: 1
86
1.000000 -0.000021 -0.000000 0.000000
0.000021 1.000000 -0.000000 0.000000
-0.000000 -0.000000 1.000000 -0.000000
-0.000000 0.030685 0.000000 1.000000
0.000021 -1.000000 -0.000000 0.000000
0.000000 -0.000000 1.000000 0.000000
-1.000000 -0.000021 0.000000 -0.000000
0.042937 -0.868038 -1.270900 1.000000
BoneName: mixamorig:RightHandPinky3
BoneIndex: 86
BoneParentIndex: 85
BoneChildrenCount: 1
87
1.000000 0.000021 -0.000000 0.000000
-0.000021 1.000000 -0.000000 0.000000
-0.000000 -0.000000 1.000000 -0.000000
0.000000 0.023960 0.000000 1.000000
0.000000 -1.000000 -0.000000 0.000000
0.000000 -0.000000 1.000000 0.000000
-1.000000 -0.000000 -0.000000 -0.000000
0.042918 -0.891999 -1.270900 1.000000
BoneName: mixamorig:RightHandPinky4
BoneIndex: 87
BoneParentIndex: 86
BoneChildrenCount: 0
1.000000 0.000000 -0.000000 0.000000
0.000000 1.000000 -0.000000 0.000000
-0.000000 -0.000000 1.000000 -0.000000
-0.000000 0.028490 -0.000000 1.000000
0.000000 -1.000000 -0.000000 0.000000
0.000000 -0.000000 1.000000 0.000000
-1.000000 -0.000000 -0.000000 -0.000000
0.042918 -0.920489 -1.270900 1.000000
BoneName: mixamorig:Right_Sleeve
BoneIndex: 88
BoneParentIndex: 66
BoneChildrenCount: 0
1.000000 0.000000 -0.000000 0.000000
0.000000 1.000000 -0.000000 0.000000
-0.000000 -0.000000 1.000000 -0.000000
0.000000 0.196532 -0.000000 1.000000
0.000000 -1.000000 -0.000000 0.000000
0.000000 -0.000000 1.000000 0.000000
-1.000000 -0.000000 -0.000000 -0.000000
-0.009213 -0.637943 -1.277680 1.000000
BoneName: mixamorig:Belly1
BoneIndex: 89
BoneParentIndex: 6
BoneChildrenCount: 0
1.000000 0.000000 -0.000000 0.000000
0.000000 0.998192 0.060111 0.000000
-0.000000 -0.060111 0.998192 -0.000000
0.002124 0.017803 -0.030622 1.000000
1.000000 0.000000 -0.000000 0.000000
0.000000 1.000000 -0.000000 0.000000
-0.000000 -0.000000 1.000000 -0.000000
-0.002124 -0.966036 0.093472 1.000000
BoneName: mixamorig:LeftUpLeg
BoneIndex: 90
BoneParentIndex: 5
BoneChildrenCount: 3
91
95
96
-1.000000 0.000000 0.000000 0.000000
-0.000000 -0.999663 -0.025955 0.000000
0.000000 -0.025955 0.999663 -0.000000
0.118670 -0.093764 0.024394 1.000000
-1.000000 -0.000000 0.000000 0.000000
-0.000000 -0.999663 -0.025955 0.000000
0.000000 -0.025955 0.999663 -0.000000
0.118670 0.777641 0.018447 1.000000
BoneName: mixamorig:LeftLeg
BoneIndex: 91
BoneParentIndex: 90
BoneChildrenCount: 1
92
1.000000 0.000000 -0.000000 0.000000
0.000000 0.992729 0.120371 0.000000
-0.000000 -0.120371 0.992729 -0.000000
-0.000000 0.329203 0.000000 1.000000
-1.000000 0.000000 0.000000 0.000000
-0.000000 -0.995519 0.094565 0.000000
0.000000 0.094565 0.995519 -0.000000
0.118670 0.447398 -0.035666 1.000000
BoneName: mixamorig:LeftFoot
BoneIndex: 92
BoneParentIndex: 91
BoneChildrenCount: 1
93
1.000000 0.000001 0.000001 0.000000
-0.000000 0.608911 -0.793239 0.000000
-0.000001 0.793239 0.608911 -0.000000
0.000000 0.320675 -0.000000 1.000000
-1.000000 0.000000 0.000001 0.000000
-0.000001 -0.681194 -0.732103 0.000000
0.000001 -0.732103 0.681194 -0.000000
0.118670 0.105455 0.078804 1.000000
BoneName: mixamorig:LeftToeBase
BoneIndex: 93
BoneParentIndex: 92
BoneChildrenCount: 1
94
1.000000 0.000000 0.000000 0.000000
0.000000 0.719298 -0.694701 0.000000
-0.000000 0.694701 0.719298 -0.000000
0.000000 0.190000 0.000000 1.000000
-1.000000 -0.000001 0.000002 0.000000
-0.000002 0.018611 -0.999827 0.000000
0.000001 -0.999827 -0.018611 -0.000000
0.118670 -0.115558 -0.002050 1.000000
BoneName: mixamorig:LeftToe_End
BoneIndex: 94
BoneParentIndex: 93
BoneChildrenCount: 0
1.000000 0.000000 -0.000000 0.000000
0.000000 1.000000 -0.000000 0.000000
-0.000000 -0.000000 1.000000 -0.000000
-0.000000 0.060000 -0.000000 1.000000
1.000000 0.000000 0.000000 0.000000
0.000000 1.000000 0.000000 0.000000
0.000000 0.000000 1.000000 0.000000
0.000000 0.000000 0.000000 1.000000
BoneName: mixamorig:Left_Butt1
BoneIndex: 95
BoneParentIndex: 90
BoneChildrenCount: 0
-0.999696 -0.024608 -0.001640 0.000000
0.024663 -0.997481 -0.066501 0.000000
0.000000 -0.066521 0.997785 -0.000000
0.066302 -0.015355 0.030884 1.000000
0.999696 -0.024663 -0.000000 0.000000
0.024642 0.998872 0.040601 0.000000
-0.001001 -0.040589 0.999175 -0.000000
-0.071845 -0.788880 -0.065160 1.000000
BoneName: mixamorig:Left_ShortSleeve
BoneIndex: 96
BoneParentIndex: 90
BoneChildrenCount: 0
1.000000 0.000000 -0.000000 0.000000
0.000000 1.000000 -0.000000 0.000000
-0.000000 -0.000000 1.000000 -0.000000
0.000000 0.154991 -0.000000 1.000000
-1.000000 -0.000000 0.000000 0.000000
-0.000000 -0.999663 -0.025955 0.000000
0.000000 -0.025955 0.999663 -0.000000
0.118670 0.622650 0.018447 1.000000
BoneName: mixamorig:RightUpLeg
BoneIndex: 97
BoneParentIndex: 5
BoneChildrenCount: 3
98
102
103
-1.000000 0.000000 0.000000 0.000000
-0.000000 -0.999663 -0.025955 0.000000
0.000000 -0.025955 0.999663 -0.000000
-0.118670 -0.093764 0.024394 1.000000
-1.000000 0.000000 0.000000 0.000000
-0.000000 -0.999663 -0.025955 0.000000
0.000000 -0.025955 0.999663 -0.000000
-0.118670 0.777641 0.018447 1.000000
BoneName: mixamorig:RightLeg
BoneIndex: 98
BoneParentIndex: 97
BoneChildrenCount: 1
99
1.000000 -0.000000 -0.000000 0.000000
0.000000 0.992729 0.120371 0.000000
-0.000000 -0.120371 0.992729 -0.000000
-0.000000 0.329203 -0.000000 1.000000
-1.000000 0.000000 0.000000 0.000000
-0.000000 -0.995519 0.094565 0.000000
0.000000 0.094565 0.995519 -0.000000
-0.118670 0.447398 -0.035666 1.000000
BoneName: mixamorig:RightFoot
BoneIndex: 99
BoneParentIndex: 98
BoneChildrenCount: 1
100
1.000000 0.000001 0.000001 0.000000
-0.000000 0.608906 -0.793242 0.000000
-0.000001 0.793242 0.608906 -0.000000
0.000000 0.320675 0.000000 1.000000
-1.000000 0.000000 0.000001 0.000000
-0.000001 -0.681190 -0.732106 0.000000
0.000001 -0.732106 0.681190 -0.000000
-0.118670 0.105455 0.078805 1.000000
BoneName: mixamorig:RightToeBase
BoneIndex: 100
BoneParentIndex: 99
BoneChildrenCount: 1
101
1.000000 0.000000 0.000000 0.000000
0.000000 0.719298 -0.694701 0.000000
-0.000000 0.694701 0.719298 -0.000000
-0.000000 0.190000 0.000000 1.000000
-1.000000 -0.000001 0.000002 0.000000
-0.000002 0.018616 -0.999827 0.000000
0.000001 -0.999827 -0.018616 -0.000000
-0.118670 -0.115559 -0.002050 1.000000
BoneName: mixamorig:RightToe_End
BoneIndex: 101
BoneParentIndex: 100
BoneChildrenCount: 0
1.000000 0.000000 -0.000000 0.000000
0.000000 1.000000 -0.000000 0.000000
-0.000000 -0.000000 1.000000 -0.000000
0.000000 0.060000 -0.000000 1.000000
1.000000 0.000000 0.000000 0.000000
0.000000 1.000000 0.000000 0.000000
0.000000 0.000000 1.000000 0.000000
0.000000 0.000000 0.000000 1.000000
BoneName: mixamorig:Right_Butt1
BoneIndex: 102
BoneParentIndex: 97
BoneChildrenCount: 0
